0.366025346
[-0.000000029,0.183012645], [0.499999954,0.183012706]
0.366025106
[0.183012594,-0.000000143,-0.183012728], [0.183012653,0.500000051,0.183012930]
0.288674215
[-0.249998748,0.000000097,0.250000261,0.000000283], [0.144338102,0.288675996,0.144337844,0.577350700]
0.267947645
[-0.000000280,-0.133973414,0.133974404,0.267949463,-0.267949748], [0.133974787,0.366026772,0.366025707,0.133973822,0.133975128]
0.267947333
[-0.133973815,-0.000000176,0.267947744,0.133974689,-0.000002000,-0.267949552], [0.366023612,0.133974399,0.133973941,0.366024741,0.598073919,0.133975118]
0.224007590
[-0.306003077,-0.112005459,0.306000132,-0.000000040,-0.112007835,0.081990505,0.137238167], [0.112004045,0.448017804,0.112007100,0.642015064,0.224009609,0.112006096,0.349910385]
0.215194556
[-0.107598199,0.107597505,-0.000003485,0.156813192,0.000000797,-0.156819183,0.313631407,-0.313631508], [0.464465145,0.464462701,0.107600187,0.254968894,0.650829466,0.254972600,0.107598935,0.107598787]
0.211322078
[-0.105662380,0.211325437,0.316988971,0.105665169,-0.000001131,-0.105661405,0.105661901,-0.211323513,0.000000688], [0.105665110,0.288673559,0.105661271,0.105662681,0.654699019,0.471686183,0.471689426,0.288676513,0.288675755]
0.211322053
[0.105662952,-0.211320925,0.000002574,0.211323780,-0.105660952,0.000001128,0.105663134,-0.105663695,-0.316987027,0.316988080], [0.105661460,0.288674316,0.654696362,0.288673496,0.471686194,0.288671904,0.471684328,0.105661475,0.105664327,0.105663842]
0.186388540
[-0.338580184,0.169290755,0.034202442,0.017102417,0.000001537,0.186392503,-0.245385612,-0.152185734,-0.152187425,-0.003669046,0.338577358], [0.093196980,0.386414883,0.093198543,0.494026741,0.679630595,0.200809789,0.254615943,0.416032047,0.093200973,0.291829981,0.093197253]
0.183009284
[-0.158494377,-0.249997068,0.000001234,-0.091501744,0.091507238,-0.341507814,0.158493298,0.341505915,0.091508224,-0.091504610,0.250002440,0.000002607], [0.091510320,0.250002135,0.183012783,0.524519300,0.341504657,0.091504809,0.091507558,0.091505159,0.524518648,0.341504339,0.249998284,0.683010676]
0.174725198
[-0.001743746,0.348443072,0.260949282,0.056146846,0.173239979,-0.000386989,-0.175251587,-0.240870377,-0.348656676,0.085287500,-0.116409891,0.172787148,-0.070742017], [0.087723531,0.087556419,0.239100222,0.525060671,0.087956229,0.690540392,0.109311900,0.271374084,0.087409128,0.239424675,0.488928219,0.391603200,0.318433138]
0.174453019
[0.348916823,-0.087229673,0.261683467,0.087224284,-0.261689974,0.000004062,-0.000002975,0.087229895,0.174458386,0.174455241,-0.174456241,-0.087234074,-0.348912494,0.000001009], [0.087227140,0.540482786,0.238311393,0.238312502,0.238310608,0.087226980,0.389399443,0.540479054,0.087228287,0.389394849,0.389397321,0.238304023,0.087226509,0.691564740]
0.174452566
[-0.174455993,0.000001817,0.087229693,0.174457048,0.174455791,0.000001074,-0.087224822,-0.174453628,0.348915521,-0.261682719,-0.087222873,-0.348913901,0.261684067,0.000000688,0.087232726], [0.087232416,0.389395415,0.238308784,0.087226718,0.389390986,0.087227675,0.540482001,0.389399277,0.087228787,0.238313616,0.238313162,0.087235926,0.238309422,0.691567224,0.540480075]
0.157307094
[-0.064684242,0.000515630,-0.206455691,0.363761894,0.141765234,0.078652307,0.206449171,-0.185157716,0.157310058,-0.363764452,0.011834131,-0.285106773,0.000000787,0.285110097,-0.129925743,-0.049143863], [0.235210406,0.391919308,0.078655533,0.078655387,0.463168736,0.170394827,0.078661316,0.336365666,0.306631276,0.078654731,0.551849231,0.214889151,0.708713542,0.214893136,0.483659849,0.078661276]
0.154694816
[-0.077352166,-0.211321697,-0.288674566,-0.366029123,-0.000006157,0.366023468,-0.077350078,0.133966454,-0.211327596,0.077358753,0.000002929,-0.133970500,0.211311894,0.077349683,0.288675005,0.211329028,-0.021257568], [0.422652233,0.345296849,0.211330362,0.077348849,0.288678204,0.077348515,0.577349784,0.211329265,0.077352237,0.422643830,0.711317964,0.211316737,0.077354062,0.577340119,0.211318437,0.345296710,0.077529642]
0.150441405
[0.150448498,-0.109640133,0.219260374,0.184850773,-0.294486939,0.000003380,0.075232959,-0.075214014,0.294486325,-0.219260335,0.369707708,0.001911049,-0.219262387,0.040803632,0.075223570,-0.068813086,-0.369709057,-0.127473726], [0.248952858,0.438835977,0.075226692,0.395408206,0.205511757,0.715578144,0.585253309,0.585285879,0.205513015,0.335795050,0.075222767,0.293104357,0.075227788,0.438803395,0.118660247,0.075225993,0.075226071,0.214108718]
0.148541442
[0.069416608,0.000001040,0.221599790,0.222696159,0.297050459,0.147153654,-0.148652138,-0.000020995,-0.022684138,0.148522757,-0.248760089,-0.079126952,-0.227591357,-0.363952982,0.074242564,0.371353580,-0.123771013,0.071165256,-0.074307026], [0.328812121,0.717473955,0.330852775,0.074278677,0.202900146,0.202181127,0.459609008,0.460139772,0.190609673,0.460177448,0.169721186,0.328329825,0.319734549,0.075208800,0.588812641,0.074273130,0.074700030,0.074529597,0.588775278]
0.148536480
[-0.222816922,-0.000000329,0.074272565,0.222809202,0.222809885,0.371354522,-0.074273543,0.074266089,0.074270072,0.148542660,0.297084898,-0.074275774,-0.074275536,-0.222814331,0.000001940,-0.371358210,-0.148548591,-0.148543315,0.148544363,-0.000005197], [0.074277653,0.202917795,0.588833631,0.331557126,0.074275194,0.074271983,0.331557702,0.331559042,0.074269547,0.202912504,0.202921625,0.588834075,0.074271081,0.331554526,0.717475842,0.074275074,0.202915342,0.460197306,0.460198968,0.460198669]
0.148536056
[0.074264657,0.000003084,0.148533498,-0.074274632,-0.297089844,-0.222819566,0.148543691,-0.371355622,0.074269540,-0.000009130,-0.074274499,-0.074276252,0.222814505,0.297081905,0.222812506,-0.222817369,-0.148548833,-0.148547721,0.371363404,-0.000004356,0.074271591], [0.331559216,0.202909421,0.460198460,0.074276158,0.202912662,0.074274532,0.202918719,0.074272130,0.074270636,0.460203738,0.588841425,0.331556957,0.074278492,0.202920866,0.331559911,0.331550095,0.460194764,0.202911258,0.074268814,0.717481338,0.588846824]
0.136493000
[-0.136503980,0.381786238,-0.003542467,0.068256810,-0.119491995,-0.068240987,-0.313527045,0.009633942,-0.040539900,-0.177032945,0.027719989,0.120165122,0.272996464,0.164212985,-0.245282737,-0.108782555,0.136497781,0.139118117,-0.381783181,-0.245279733,0.000001700,0.256000098], [0.493094102,0.068255220,0.454856652,0.611303850,0.357660839,0.611308037,0.186465983,0.313422427,0.186482836,0.186463094,0.068280052,0.202842055,0.150691182,0.068247333,0.304673881,0.068255096,0.493088413,0.356616403,0.068263183,0.068250096,0.729522045,0.286122116]
0.134143599
[-0.066760446,0.002855278,0.316514978,0.067155490,0.063124741,-0.201211373,-0.249664647,-0.000001155,-0.133624103,0.193995311,-0.316719490,-0.016011605,-0.067010980,-0.132836666,0.061531076,0.197835207,-0.199895835,0.116819149,0.249679933,-0.064946511,0.137369960,-0.383808597,0.383823307], [0.382864525,0.497666449,0.183636436,0.615453265,0.208800171,0.383348814,0.067079799,0.731877048,0.499227557,0.238293678,0.183272672,0.067080172,0.615669465,0.133013521,0.343158964,0.372435303,0.249208865,0.085836996,0.067320776,0.248716466,0.493080607,0.067096759,0.067074699]
0.133966854
[-0.183005108,-0.066981740,0.000000486,-0.250002852,0.000001911,0.316991125,-0.116031774,0.383968952,-0.133971966,0.116024877,0.249999010,0.183016642,-0.383970269,-0.249995715,0.066986110,0.133977737,-0.000000212,0.250001497,0.066993878,-0.133967173,-0.000000578,-0.316978518,0.133972938,-0.066976963], [0.183021263,0.249997554,0.366022846,0.066985235,0.499995368,0.183011341,0.066989932,0.066989410,0.366028333,0.066986935,0.066988974,0.183015636,0.067000450,0.299041996,0.249987078,0.499988143,0.133959391,0.299042967,0.616011474,0.500003253,0.732051456,0.183019249,0.366009946,0.616026113]
0.130764876
[0.065378581,0.255968748,-0.226060074,-0.255970696,-0.005571126,0.125196580,-0.095284468,-0.160664795,-0.065388557,0.386743781,0.190589056,0.059805175,-0.386738950,0.000001123,0.029917751,0.255980570,-0.035460229,0.190585130,0.321355966,-0.321359788,-0.130773978,0.125204959,-0.196157485,-0.065392405,0.095315228], [0.622006203,0.065388724,0.343704249,0.065392432,0.065389536,0.065384285,0.343705095,0.456960302,0.621994905,0.065388495,0.405136759,0.178641597,0.065394372,0.735256622,0.381446037,0.291886028,0.494698398,0.178636756,0.178633489,0.178646365,0.103151261,0.291883770,0.216397370,0.216401774,0.494712734]
0.129327458
[0.258644345,-0.319827648,0.193972013,-0.084269842,-0.387979661,-0.000072808,0.258643680,0.387990746,-0.258697667,-0.129403447,-0.130952266,0.193971693,0.323312672,-0.001367735,0.064658928,-0.079606081,-0.215647206,0.129189242,0.129266339,-0.001023351,0.064072525,-0.200471298,0.000003308,-0.064674767,0.064449092,0.129292896], [0.064667264,0.182198401,0.400663313,0.388980382,0.064690245,0.064673569,0.288667033,0.064672884,0.068125266,0.065124778,0.509823978,0.176665488,0.176667445,0.511893319,0.624677260,0.185985121,0.361853175,0.512599264,0.064669529,0.289029059,0.176981507,0.233225458,0.736688042,0.624666877,0.400566043,0.288669204]
0.129323523
[-0.064660885,0.064660548,-0.323328102,0.387995067,0.064663209,0.000002644,0.000003292,0.129332329,0.129331526,0.193996884,0.000001826,0.000009261,-0.387992935,-0.258663297,0.064673719,-0.193989717,-0.064659626,0.323327492,0.258665685,0.258666696,0.129333290,-0.193997161,-0.129324553,-0.064664835,-0.129323096,0.193986930,-0.129326422], [0.400688314,0.176680826,0.176678820,0.064662360,0.400683207,0.288683218,0.512684376,0.288680781,0.512682882,0.400681977,0.736698112,0.064672775,0.064662606,0.064681847,0.624683292,0.176678574,0.624697227,0.176667871,0.064665078,0.288670751,0.064661832,0.400679670,0.288684916,0.176673981,0.512691451,0.176678989,0.064672603]
0.129322028
[-0.194002582,0.000003187,-0.193989397,0.129328470,0.387989086,-0.000008963,0.193992292,0.193996733,0.258658656,-0.000000960,-0.000000966,-0.064669000,0.258663583,0.064666387,-0.129328716,-0.129328605,-0.258658449,0.064661846,-0.129332048,0.129325892,-0.323330340,0.129326925,0.064660953,-0.258658427,-0.064664509,0.323331486,-0.387988520,-0.064664409], [0.176675395,0.512677801,0.400683157,0.064668968,0.064664565,0.288673209,0.400673087,0.176673441,0.288672503,0.736696139,0.064668225,0.624692091,0.064673931,0.400676687,0.064666073,0.512687948,0.288678158,0.624688383,0.288676170,0.288673422,0.176670560,0.512673216,0.176675590,0.064666208,0.176664207,0.176666114,0.064665263,0.400681316]
0.120394230
[0.120197166,0.130034096,0.051672905,0.284139329,0.111715993,-0.094676482,0.025706199,0.005118889,-0.154889589,-0.000005528,-0.215098099,0.085642406,-0.154914604,0.016985336,-0.275305896,-0.215120963,-0.094732358,-0.395717271,0.184603383,0.300761689,-0.275310434,-0.094698785,-0.154916111,-0.034487679,0.205777794,0.395726890,-0.034103274,-0.335504060,0.223929719], [0.286729717,0.433108961,0.183891887,0.253477969,0.552122805,0.164474127,0.373016275,0.494051621,0.060208014,0.745616635,0.164469099,0.068189203,0.477270373,0.626427369,0.060203651,0.373010012,0.581548437,0.060209109,0.184113521,0.134233038,0.268741127,0.373011555,0.268748138,0.060199199,0.060253931,0.060208118,0.268523960,0.164471504,0.357742009]
0.119534573
[0.108593849,-0.059772147,-0.119530607,0.396469862,0.119543810,0.059771491,0.179318952,0.228133347,0.059783285,0.119542774,0.239086061,-0.336691256,-0.000000913,-0.059760690,0.059766608,-0.276928243,0.276931794,-0.228112565,0.336698706,-0.168352388,-0.119554313,-0.000007088,-0.239093341,0.000014797,-0.108564785,-0.396469170,-0.059776251,-0.179318543,0.004673982,0.168369755], [0.213328937,0.435891198,0.332361719,0.059777568,0.539416796,0.435887461,0.435892605,0.213328039,0.059782104,0.332364554,0.332359767,0.163313295,0.539423710,0.059778532,0.642947980,0.059767453,0.059771496,0.213318352,0.163305876,0.109785449,0.539413974,0.746469072,0.332360115,0.163307192,0.213309691,0.059776981,0.642939547,0.435880502,0.291239971,0.109804630]
0.118136775
[0.059057783,0.338607939,0.059064796,-0.059086636,0.279538735,-0.161384154,-0.279529524,-0.000001919,0.161379296,0.059076684,-0.279526517,-0.161389346,-0.397683059,-0.220465186,0.177223226,-0.118161884,0.177228909,0.397676937,0.000003385,-0.000023702,-0.338607462,0.118141212,0.118137886,0.220463447,-0.043248949,0.279528895,0.059068557,-0.059081714,-0.204133810,-0.059060383,-0.102323468], [0.440917616,0.161401433,0.118130680,0.440907860,0.263711557,0.263718076,0.059079336,0.220448221,0.059069575,0.322770828,0.263724393,0.059073038,0.059077943,0.161401232,0.440928708,0.543217634,0.322789370,0.059080167,0.747876606,0.543229108,0.161389093,0.220457847,0.543233920,0.161402146,0.059069734,0.059077603,0.645560918,0.645550365,0.392518911,0.322765966,0.161391616]
0.115041664
[-0.169609774,-0.120108337,0.137790499,-0.124898687,0.210054981,-0.073485345,-0.060156284,0.400350405,0.000001969,-0.187041800,0.046863179,0.342766152,-0.067563310,-0.341935711,0.284185569,-0.284714453,-0.284408539,0.096148548,0.169429204,-0.182647089,0.114357269,0.057037123,-0.217966775,-0.000366602,-0.059514481,0.055151885,-0.004688430,0.155632274,0.229426995,-0.399815306,0.269328896,0.022734960], [0.057606743,0.226057461,0.057547794,0.534161002,0.147062646,0.120881789,0.439002320,0.057530089,0.750979127,0.319648239,0.645908127,0.157127818,0.633949414,0.158396193,0.058025511,0.058006086,0.258294221,0.164954110,0.451739871,0.434623705,0.552743170,0.322949982,0.163148984,0.540041553,0.323898396,0.438056217,0.220899391,0.263649825,0.353581660,0.058375023,0.245681054,0.057659405]
0.114519967
[0.227764704,-0.000470948,-0.055809278,-0.011749379,0.171783212,0.154107671,0.000634588,-0.057256493,-0.170280473,-0.223423501,0.057265959,-0.400808998,-0.107132303,0.057040621,-0.163004017,0.285034197,0.286302585,-0.286284891,-0.171774056,0.096713721,0.212950681,0.057577581,0.113975579,-0.284801188,0.051070504,0.171590559,-0.057994198,0.400814316,-0.228694180,-0.114090873,-0.343213044,-0.064264253,0.342306648], [0.158463937,0.749520302,0.256589669,0.427482862,0.058109137,0.484041159,0.156934375,0.057626265,0.260232264,0.362551660,0.057309508,0.057262097,0.360113673,0.276207787,0.460557589,0.257771460,0.058656113,0.057278274,0.058774854,0.384434418,0.382610444,0.650566494,0.174388035,0.258093704,0.535752878,0.273684018,0.645221625,0.057274677,0.158187421,0.158008174,0.156794983,0.529379587,0.158580884]
0.114513771
[0.400807013,-0.343546160,-0.400821335,0.114525214,-0.171769187,-0.113860598,-0.114492532,-0.171645636,-0.057261672,0.171748839,0.057272883,0.286264988,-0.286289308,-0.000008222,-0.171714095,0.057341528,0.154764495,-0.057253905,-0.229029355,0.058477774,0.000000204,0.286257125,-0.037603603,-0.000012780,-0.114528326,0.229024157,-0.286285760,0.057254963,0.171782933,-0.057074000,0.343545832,-0.229040814,0.114502390,0.227169488], [0.057268746,0.156430478,0.057267483,0.553146703,0.453952983,0.156748103,0.354777436,0.057305030,0.652328491,0.057268808,0.452973123,0.057275197,0.255605568,0.553152816,0.255580571,0.062519177,0.246262942,0.453966190,0.156433205,0.180468096,0.751503797,0.255595822,0.243683788,0.351983548,0.553142374,0.354785122,0.057256886,0.652321995,0.453968121,0.057283204,0.156441265,0.354787885,0.353647089,0.157502084]
0.114509125
[0.343546811,-0.229033010,-0.000001606,-0.057266620,-0.057267761,-0.286298662,-0.057258860,-0.286294935,0.171784700,0.286281674,0.057264528,0.057247126,0.000002096,0.057258706,-0.114521482,0.229028165,-0.400813836,0.171771832,0.114511191,-0.171775921,0.171772499,-0.114515958,0.057266673,0.114511085,0.000017385,0.114530421,0.286306723,-0.229051574,-0.000005400,-0.057260900,0.400817342,-0.171777736,-0.114521288,-0.171783935,0.229046035], [0.156434638,0.354797733,0.354791758,0.057257797,0.255622056,0.057265084,0.652328529,0.255625334,0.453965688,0.057270493,0.453967171,0.255620582,0.751506487,0.057265214,0.553152410,0.156445199,0.057267886,0.057272689,0.156449210,0.057266072,0.255617066,0.354796308,0.652326230,0.354790083,0.553142646,0.553142670,0.255614355,0.156449182,0.156450204,0.453978512,0.057270552,0.453969597,0.156436455,0.255617482,0.354792509]
0.114509646
[0.000006348,-0.286287484,0.171786467,-0.057255467,0.286293318,-0.114503867,-0.114517339,0.229044732,-0.057258952,0.057268109,-0.400811871,0.400818526,0.057259986,-0.171775678,-0.057256109,0.171780771,-0.229043700,0.114525731,-0.057251951,0.000002669,0.057265576,0.114525615,0.114521959,-0.229028941,-0.286291961,0.000002067,0.057267490,0.343565222,0.000012458,-0.114524463,0.171782289,0.229040347,-0.171778877,-0.171773948,0.286309958,-0.343553999], [0.156446319,0.255617552,0.453972560,0.255627877,0.057257615,0.156447857,0.553161844,0.156435828,0.057268384,0.453961489,0.057267477,0.057254823,0.255615669,0.255623155,0.652326821,0.255609618,0.354792804,0.553139856,0.453965488,0.553149937,0.057264437,0.354778846,0.156432064,0.156450276,0.057280436,0.354796522,0.652316537,0.156440249,0.751487664,0.354802133,0.057258051,0.354799764,0.057264167,0.453986220,0.255611737,0.156450317]
0.107591454
[0.107676691,0.299195465,-0.107291314,-0.352997730,-0.107621930,-0.299203952,-0.161406427,-0.023636232,-0.191611510,-0.013174807,0.406803407,-0.107590846,-0.215205913,0.009089537,0.086300616,0.191663301,-0.299187124,0.242139010,0.123369481,0.007243795,-0.406810617,0.084124119,0.000008038,0.000021030,-0.053780966,-0.104048294,0.188332910,0.083988891,-0.209262535,0.299193612,0.245382372,0.053844420,0.137775254,0.191590171,-0.053804286,-0.198958902,0.352985502], [0.571921818,0.053800302,0.373716780,0.147006469,0.121059970,0.053812838,0.478854985,0.053803069,0.053805258,0.286210793,0.053802057,0.572025089,0.385665966,0.391486701,0.466422645,0.243930121,0.240183538,0.338961028,0.345301372,0.162145116,0.053813485,0.240286751,0.758385935,0.571993623,0.478817438,0.228599364,0.432230766,0.053798503,0.166753775,0.240209983,0.146992426,0.665164305,0.146984621,0.053809528,0.665213457,0.279308288,0.147016294]
0.106768409
[0.300732742,-0.150391129,0.106788023,0.150367998,-0.407528861,-0.257164616,0.106768950,-0.160153726,-0.354138683,0.213566452,0.059053312,-0.000000538,-0.300759582,0.053381672,-0.213554170,0.000005127,-0.106778346,0.160168868,-0.000009420,-0.203778106,0.106780215,0.000004351,0.203752398,-0.106767131,-0.053374194,-0.160133503,-0.043609690,-0.106777077,0.053393072,0.266941904,-0.053349487,-0.266919502,0.354128091,0.257142636,-0.053383163,0.160181968,0.053396701,0.407518924], [0.053398756,0.190523737,0.574287410,0.190544228,0.053393062,0.190545640,0.053398133,0.481810894,0.145856372,0.389339082,0.262530204,0.759245736,0.053385473,0.145865871,0.389353047,0.389355015,0.053397205,0.296879557,0.053393144,0.098042566,0.389354897,0.574298903,0.098060277,0.389345491,0.481831152,0.296863620,0.190513031,0.574303903,0.666760449,0.296852174,0.296841923,0.296874436,0.145862094,0.190527304,0.666770008,0.481813416,0.481826355,0.053397517]
0.105703992
[0.249878249,-0.408456162,-0.052863451,-0.249877781,0.052850615,0.249860930,-0.105715618,0.408437767,0.105715659,0.105217927,0.197012595,-0.000491692,-0.220241249,-0.302727684,0.197019414,-0.204190279,0.144172327,0.052375838,0.302736737,-0.114834516,-0.061932829,0.091280512,-0.052868889,-0.302743742,0.084188657,0.038442758,-0.000001554,-0.355583920,-0.014442043,-0.105722983,0.302724993,-0.197021273,0.197003313,0.355590817,-0.000015018,-0.158618761,0.144156181,-0.009034696,-0.121673621], [0.327513270,0.052852169,0.668748527,0.144414768,0.668756091,0.144404746,0.577195181,0.052870485,0.577207414,0.471497344,0.419066436,0.471500516,0.302117919,0.235973764,0.235965151,0.406617979,0.327514991,0.379946116,0.235961168,0.293971376,0.385486125,0.052868854,0.197710060,0.052863315,0.240001885,0.144425015,0.577208221,0.144416038,0.052864470,0.106168258,0.052863842,0.052864949,0.052857874,0.144417456,0.760295399,0.197758831,0.144425179,0.293906853,0.472691512]
0.104317878
[-0.104346078,-0.068082240,-0.082745356,0.170787179,0.014334938,0.409650640,0.052145153,-0.068111919,0.104324782,-0.254370370,0.066457583,0.000009403,-0.052191974,-0.120270893,-0.000024854,-0.277141307,0.222983420,0.208654675,-0.173915059,-0.409412219,-0.000005525,-0.156516705,0.104333253,-0.172598423,-0.343346903,-0.220525989,-0.015915918,0.305322052,0.118592104,-0.052162951,0.253145949,0.118661364,0.305279696,0.036216301,0.052157550,-0.306537960,0.200960773,-0.168186672,0.357472235,0.156472963], [0.580961201,0.232941985,0.336509979,0.206562457,0.296954069,0.052167781,0.490633652,0.052163188,0.580985655,0.321104489,0.206590690,0.761683845,0.490608227,0.142606044,0.580983781,0.052317939,0.296935867,0.400283603,0.387572028,0.052175018,0.400281562,0.490514763,0.400280681,0.052182125,0.133065011,0.171505968,0.142560047,0.232871407,0.116200588,0.671341633,0.142530205,0.296940899,0.052168464,0.052187620,0.671323548,0.230714876,0.052172031,0.262320744,0.142517805,0.490633944]
0.103095236
[0.197553452,-0.180666900,-0.206206577,-0.051554274,0.167905721,-0.188179707,0.117444748,-0.103072326,0.000445275,-0.240419319,0.053167579,0.208532708,-0.068780624,-0.069485481,0.063745587,-0.307532601,0.114161175,-0.015653467,0.300396547,0.249935211,-0.410705237,0.104555052,0.156544413,0.301209684,-0.307603147,0.001422583,-0.050188092,-0.134522617,0.104135046,-0.122719114,0.051567823,0.407966474,-0.101939944,0.218595497,0.357342494,-0.359142387,-0.154660856,-0.245685260,0.008264645,0.000008935,0.038078441], [0.051813007,0.052627408,0.405723613,0.673603953,0.207754687,0.219554511,0.117554206,0.405774264,0.400565563,0.308448207,0.491704482,0.401151202,0.228127192,0.051561135,0.206249211,0.230153642,0.296599160,0.139672652,0.231629876,0.141539551,0.051563864,0.581340211,0.491675029,0.051740438,0.051554773,0.583522027,0.494274809,0.307588078,0.399510737,0.139857259,0.673608915,0.052276111,0.583656354,0.297715539,0.142793923,0.140847765,0.495044073,0.133987350,0.296695962,0.762896506,0.051626782]
0.102745777
[-0.256815218,-0.153506293,0.052137496,0.298984687,-0.205193413,-0.101326799,-0.410990065,0.206690500,-0.153776371,0.103828324,0.000801942,0.258145740,0.154677021,-0.256846499,0.006779889,-0.102255294,0.290720597,0.168986696,-0.000000897,0.410411443,0.087971089,0.051375353,-0.308227790,-0.205471450,-0.050971249,0.102769952,-0.205004697,-0.153346756,0.040649865,-0.096685290,-0.308257353,0.000017110,-0.050470496,0.233184160,0.356463495,0.051791497,-0.102743818,-0.041304755,0.155313270,-0.359622381,0.149505227,-0.051383341], [0.318297091,0.140028202,0.309826747,0.051491911,0.407135216,0.228539324,0.051373024,0.405141248,0.496090536,0.402756226,0.406859286,0.316068739,0.493866481,0.140377640,0.051801740,0.407049835,0.218467360,0.051904515,0.763270051,0.051678407,0.115715296,0.674285106,0.051387520,0.051390996,0.496086077,0.585273538,0.229087019,0.317904615,0.207630477,0.052361686,0.229347830,0.585289512,0.317818175,0.132773238,0.139123535,0.496065782,0.585269283,0.142706575,0.312672112,0.140362839,0.198953283,0.674277697]
0.102742279
[0.103405925,0.280590914,0.345711980,0.000012958,0.205843589,-0.051380738,-0.102614248,0.127760529,-0.051072867,0.154903259,0.308926451,-0.102730477,0.410755788,-0.154079695,-0.154110223,-0.154127211,-0.256886077,-0.051213331,-0.205479067,0.000352965,0.257786358,0.102965187,0.051874002,0.204731971,0.063480200,-0.308245108,0.000169271,-0.308257695,0.102765596,-0.256871880,-0.051351081,0.001357577,-0.102604328,-0.411009001,0.154145854,0.000010822,0.051391615,-0.359635242,-0.102756255,-0.205508731,0.206164443,0.051386405,-0.205513531], [0.228316750,0.051721396,0.131252809,0.585270650,0.406651901,0.496294756,0.229273251,0.052704111,0.318158709,0.317351873,0.227247944,0.051376045,0.051424905,0.318310119,0.140362627,0.496307048,0.318341333,0.140270617,0.229343240,0.229143994,0.316500839,0.407181218,0.318041967,0.121258418,0.133464841,0.229350483,0.407212436,0.051383472,0.585268563,0.140373444,0.674254564,0.051563973,0.407227285,0.051379694,0.496276868,0.763244541,0.674252130,0.140358968,0.585286935,0.407317899,0.224494058,0.496285685,0.051386932]
0.102738772
[-0.051374769,0.205521543,-0.154128431,0.154133014,-0.000006035,-0.051364159,0.359624797,0.000006578,-0.411000041,0.205492308,-0.102736901,0.000015053,-0.308233269,-0.154116966,-0.102745084,-0.051384629,0.308269556,-0.102752402,-0.256865401,0.256882692,0.102766727,0.411017030,-0.308263039,0.051383164,0.205515049,0.051381283,0.051368500,-0.154106411,0.256894353,0.102752634,-0.205510062,-0.102734569,0.102768787,-0.205488745,-0.051367359,-0.256883679,0.154120895,0.308247094,0.051374197,-0.205498808,0.000007355,0.102746742,-0.359620389,0.000002581], [0.496306154,0.407310876,0.496304102,0.496304722,0.585293573,0.140364361,0.140367266,0.051389186,0.051382488,0.229370701,0.051389919,0.407324561,0.051381268,0.140366347,0.407308948,0.674268311,0.051380433,0.585281274,0.140371420,0.140354025,0.051383148,0.051373236,0.229342777,0.318343769,0.051378632,0.140377065,0.674275549,0.318328852,0.318328262,0.585300705,0.229356855,0.229344567,0.407320353,0.051386207,0.318322935,0.318340580,0.140387178,0.229337752,0.496317902,0.407318500,0.229349229,0.229365389,0.140353294,0.763280470]
0.102738172
[0.102754499,-0.308261428,0.051381821,-0.000005199,-0.051382670,0.154117920,-0.359623609,-0.154119588,0.205517305,-0.154127558,-0.000000573,0.256888978,0.051372845,0.308266733,-0.256865390,0.000001069,0.051362574,0.154119647,-0.051371026,0.102737978,-0.102745140,0.308272832,-0.154137627,-0.256876800,-0.051362352,0.102739758,0.411010106,0.102760616,0.256878699,-0.102767206,-0.000006138,-0.000006796,-0.308265403,-0.102751659,-0.205502819,0.154146537,0.359642191,-0.411001312,0.205514375,0.051397422,0.205482839,-0.051368070,-0.205491147,-0.205509128,-0.102752963], [0.229352688,0.051379173,0.674279236,0.051369574,0.318357329,0.496322951,0.140367765,0.140348797,0.051370717,0.496325016,0.585290065,0.140356669,0.496306145,0.051375514,0.140362303,0.763282114,0.318342764,0.318337518,0.674284202,0.585291368,0.229365017,0.229340645,0.318328804,0.318324913,0.140355034,0.407317672,0.051372420,0.051372475,0.318355804,0.407331703,0.229353319,0.407330864,0.229350730,0.051374165,0.051377166,0.140366388,0.140366936,0.051387792,0.229357702,0.140370723,0.407333796,0.496309746,0.229345297,0.407324886,0.585313504]
0.097071201
[-0.124411999,-0.180767455,-0.207721878,0.076134648,0.027547114,0.318829299,-0.270590966,0.124662112,-0.304936171,0.010068296,-0.360585084,0.124551404,0.076099145,0.367340796,0.270286340,0.025879888,0.221673871,0.069010618,-0.090164231,-0.027908241,-0.161227565,-0.090223217,-0.014081398,-0.415881775,-0.209069877,0.071995342,0.123607461,-0.087724283,-0.020988581,-0.041347620,-0.105112720,0.318788143,-0.319063330,0.415892007,-0.259552286,0.173190145,0.012274446,0.221715679,0.270265191,0.173094770,0.000000287,0.173173639,0.221710833,0.124618941,-0.193780290,-0.110544029], [0.291718462,0.455834225,0.048805673,0.637051907,0.048574264,0.216701081,0.300232469,0.552973140,0.048581232,0.210362558,0.128378169,0.216644361,0.468919800,0.132615272,0.300767233,0.383226631,0.384789419,0.296261016,0.200885481,0.302216531,0.134703285,0.612650877,0.672883222,0.048580341,0.224840998,0.134923022,0.384265800,0.385205394,0.468269125,0.116977618,0.516723822,0.048551131,0.216128411,0.048545824,0.135895199,0.468894981,0.561028609,0.048553544,0.132638774,0.300723226,0.768939828,0.132619387,0.216698902,0.048554813,0.359637324,0.048814993]
0.095876864
[-0.201796797,0.054750616,0.058118673,-0.136870819,-0.131584361,0.107853236,-0.156066525,0.082115072,0.005110133,-0.049626367,-0.048572864,-0.086383461,-0.316834641,-0.252911817,0.154200706,-0.261796799,-0.179747253,0.130128646,0.009451502,0.178053915,-0.416931960,0.416962163,0.309790922,0.047949625,-0.131827213,-0.204568135,0.320866495,0.226000477,-0.321048829,0.263944464,0.016231661,0.106182839,0.046267396,0.000005503,0.116614672,-0.047950549,-0.040925342,0.261570162,-0.227583114,0.213836281,0.368953218,-0.083762739,-0.368936221,-0.091247960,0.167726730,0.202245371,-0.001494156], [0.048449485,0.298445126,0.131270371,0.132356191,0.375735548,0.215668358,0.283033402,0.461163121,0.047944517,0.591185950,0.306599344,0.217052866,0.211644078,0.283156636,0.131186910,0.123323629,0.458760725,0.544721852,0.213918281,0.461677484,0.047968903,0.047942625,0.206386341,0.687097354,0.541812745,0.200276694,0.047971177,0.378647036,0.047940974,0.290596544,0.386326152,0.048086183,0.591225771,0.770127772,0.371704484,0.687064965,0.132157424,0.123344909,0.375660702,0.206503981,0.130935112,0.458837723,0.131055025,0.047982764,0.290579272,0.047945460,0.508091528]
0.094522435
[-0.010795449,0.050590352,-0.059816451,0.229059989,-0.323456220,-0.108612852,-0.059532418,0.153954399,-0.022533340,0.180490075,-0.192117685,-0.000037239,0.275901284,-0.047230036,-0.102615814,0.132795432,0.323596175,-0.370808087,-0.061874072,0.071905815,0.141784011,-0.000006874,0.228679816,0.047258396,-0.143177914,-0.142373856,0.276220636,0.094464216,0.228191920,-0.094546930,-0.196712268,0.370864549,-0.417982555,-0.047266406,0.180900313,0.084085671,0.035009258,-0.239219051,-0.183350202,0.084559451,0.323427890,-0.243969161,0.418117633,0.038235294,-0.323417927,-0.276247414,0.133453460,-0.141830574], [0.128282585,0.491666131,0.209118291,0.374747820,0.047275885,0.128149912,0.047283585,0.432144656,0.389596484,0.293471811,0.172463159,0.604561812,0.129282857,0.520179010,0.439824445,0.047330460,0.211016350,0.129243098,0.303640350,0.385205652,0.525901089,0.771489849,0.047275508,0.689623346,0.255325395,0.353212120,0.292830192,0.607726072,0.211362506,0.607689467,0.430754164,0.129143747,0.047332096,0.689613666,0.128837683,0.129960666,0.210999523,0.254452700,0.053349935,0.291524990,0.047385895,0.348886256,0.047273931,0.047273733,0.211301256,0.129169313,0.210601367,0.525839278]
0.095549402
[0.130532604,0.000023687,-0.143345683,-0.047793417,-0.273881978,0.095571006,-0.226117883,-0.178324997,-0.273898387,-0.417234587,0.321673849,-0.047789597,0.047773864,0.178326249,-0.130541880,0.000009527,0.047795338,0.047795221,-0.369457845,-0.095583466,-0.178317018,0.226117024,0.226110061,-0.321670155,-0.082751423,-0.226110707,-0.047787271,-0.000014587,0.143362905,0.047788355,0.178330869,0.273895753,-0.130556478,0.130556234,0.047785228,0.273880271,0.321663525,-0.095561308,0.369433122,-0.034987217,0.095571284,0.226106582,-0.047782460,-0.226114395,-0.143368246,0.000002251,0.143336276,0.417228944,-0.321667862], [0.213281432,0.178320729,0.426598338,0.426605933,0.296063109,0.604918405,0.047793472,0.296077452,0.130542361,0.047793158,0.213303833,0.687669544,0.522170101,0.296052100,0.213325117,0.343842341,0.426603482,0.687681446,0.130544300,0.604901469,0.130553251,0.213288935,0.378817794,0.213306430,0.130550776,0.213295792,0.522159552,0.604917654,0.426597425,0.261076369,0.130536869,0.296055156,0.047783126,0.047787690,0.095533249,0.130531074,0.047775097,0.343845195,0.130538754,0.047776249,0.343848946,0.047778256,0.261085947,0.378822838,0.522151344,0.770432769,0.522156518,0.047788638,0.047776254]
0.093324350
[0.046412843,-0.186284032,-0.139743985,-0.232973043,-0.143626456,0.139173133,-0.089940194,0.279156520,0.089347443,-0.046720993,-0.271006694,-0.220559682,-0.047029558,0.325802599,-0.043202398,-0.000030191,0.141899939,0.093289607,-0.232493961,0.135803199,0.325813390,0.182823326,0.043201345,-0.372499065,-0.136188159,0.045863167,-0.139614585,-0.325805514,-0.177632010,-0.279154850,0.419170259,-0.093078756,-0.325823118,0.030694455,-0.094760580,0.276175041,0.232521291,0.047543172,-0.000085169,-0.050237696,-0.046403988,-0.419167490,0.114887426,-0.000742804,0.185896453,0.229513839,0.372496865,0.182694719,0.092604130,-0.003221522], [0.691667211,0.136765365,0.222461888,0.217978234,0.523878511,0.211765001,0.341512332,0.127499564,0.293988862,0.046786442,0.303258377,0.390644523,0.689522711,0.046663029,0.422682531,0.772616107,0.046970931,0.610965114,0.046672863,0.375104420,0.208340056,0.294311588,0.387238290,0.127513747,0.430818390,0.209334616,0.055889614,0.208350933,0.307778882,0.127508335,0.046664529,0.141606367,0.046668264,0.479728651,0.608489364,0.294319131,0.211825180,0.046709128,0.606045028,0.526335663,0.223354856,0.046671544,0.520104209,0.128045692,0.130974214,0.375141425,0.127513755,0.455951600,0.128459571,0.306205539]