50 100 1
14 21 16 11 33 8 30 3 11 17 11 15 20 32 27 44 25 27 16 34 39 15 15 32 48 30 41 2 42 34 10 40 50 41 49 44 5 32 17 29 6 33 13 24 25 20 46 13 8 2 
2 6 35
1 865396630
2 865396653 865396647
2 754740012 754739981
1 503742905
2 503742880 503742874
2 1029554870 1029554837
2 870146998 870147007
2 350160255 350160196
2 599535807 599535756
1 386341374
2 386341315 386341342
2 799424 799474
1 19744504
1 19744474
1 19744498
1 19744465
1 19744469
1 19744511
2 19744508 19744457
1 594866403
2 594866369 594866413
2 1022262158 1022262193
1 791329770
1 791329748
2 791329735 791329761
2 435386087 435386101
1 509266532
2 509266533 509266554
2 525138227 525138235
2 55034693 55034740
2 1010539094 1010539122
1 135954265
2 135954260 135954250
2 566594960 566595005
2 806794378 806794460
1 898473616
2 898473613 898473658
2 938141162 938141133
2 1066044250 1066044241
2 271679007 271679003
1 3682922
2 3682923 3682930
2 1051457817 1051457864
2 93764820 93764836
2 1006537192 1006537213
2 871758091 871758097
2 489749604 489749599
2 238017752 238017737
1 483665836
2 483665806 483665803
2 1324230 1324240
2 810547357 810547347
1 7565
2 7555 7661
1 979206196
2 979206171 979206149
1 508761859
2 508761876 508761903
1 589179048
1 589179047
2 589179008 589179124
1 954550015
1 954550006
1 954549979
2 954550008 954549964
1 267324305
1 267324315
2 267324332 267324408
2 863768550 863768525
1 878339030
2 878339016 878339036
1 408015949
2 408015963 408015995
1 831335316
2 831335309 831335359
2 15669744 15669758
2 35047485 35047482
1 454055
2 454079 454029
2 1023523583 1023523583
2 19 14
2 409351408 409351357
1 630487253
1 630487284
1 630487267
1 630487256
2 630487244 630487247
1 543097
2 543010 543008
2 4688 4630
1 211018895
1 211018887
1 211018913
2 211018885 211018904
1 10451
1 10451
1 10476
1 10470
2 10486 10443
