|         |         |         |
|1st layer|2ed layer|3rd layer|
|         |         |         |
Color:
1: triangle (3 blocks)
2: T-shape
3: L-shape
4: Z-shape
5: corner
6: triangle+R
7: triangle+L


answer size: 480

solution #0
-------------------
|5 5 3|5 4 3|2 4 3|
|5 4 6|2 4 6|2 7 3|
|1 6 6|1 1 7|2 7 7|
-------------------
solution #1
-------------------
|5 5 3|5 4 7|2 4 7|
|5 4 3|2 4 6|2 7 7|
|1 3 3|1 1 6|2 6 6|
-------------------
solution #2
-------------------
|5 5 3|5 4 6|2 6 6|
|5 4 3|2 4 7|2 6 7|
|1 4 3|1 1 3|2 7 7|
-------------------
solution #3
-------------------
|5 5 3|5 4 3|2 6 6|
|5 4 3|2 4 6|2 7 6|
|1 4 3|1 1 7|2 7 7|
-------------------
solution #4
-------------------
|5 5 1|5 6 6|2 4 6|
|5 7 1|2 4 1|2 4 6|
|7 7 3|7 4 3|2 3 3|
-------------------
solution #5
-------------------
|5 5 6|5 4 6|2 3 3|
|5 6 6|2 4 7|2 4 3|
|1 7 7|1 1 7|2 4 3|
-------------------
solution #6
-------------------
|5 5 3|5 4 3|2 6 6|
|5 7 3|2 4 6|2 4 6|
|7 7 3|7 1 1|2 4 1|
-------------------
solution #7
-------------------
|5 5 3|5 4 3|2 3 3|
|5 7 6|2 4 1|2 4 1|
|7 7 6|7 6 6|2 4 1|
-------------------
solution #8
-------------------
|5 5 1|5 4 1|2 3 3|
|5 7 6|2 4 1|2 4 3|
|7 7 6|7 6 6|2 4 3|
-------------------
solution #9
-------------------
|5 5 1|5 6 6|2 3 3|
|5 1 1|2 6 7|2 6 3|
|4 7 7|4 4 7|2 4 3|
-------------------
solution #10
-------------------
|5 5 6|5 6 6|2 1 1|
|5 7 7|2 6 7|2 1 3|
|4 7 3|4 4 3|2 4 3|
-------------------
solution #11
-------------------
|5 5 3|5 6 3|2 3 3|
|5 6 6|2 6 7|2 1 1|
|4 7 7|4 4 7|2 4 1|
-------------------
solution #12
-------------------
|5 5 6|5 7 6|2 7 1|
|5 6 6|2 7 7|2 1 1|
|4 3 3|4 4 3|2 4 3|
-------------------
solution #13
-------------------
|5 5 6|5 7 6|2 7 7|
|5 6 6|2 1 1|2 1 7|
|4 3 3|4 4 3|2 4 3|
-------------------
solution #14
-------------------
|5 5 6|5 1 6|2 1 7|
|5 6 6|2 7 7|2 1 7|
|4 3 3|4 4 3|2 4 3|
-------------------
solution #15
-------------------
|5 5 6|5 1 6|2 3 3|
|5 6 6|2 1 7|2 1 3|
|4 7 7|4 4 7|2 4 3|
-------------------
solution #16
-------------------
|5 5 7|5 7 7|2 6 3|
|5 1 7|2 6 6|2 6 3|
|4 1 1|4 4 3|2 4 3|
-------------------
solution #17
-------------------
|5 5 7|5 7 7|2 1 1|
|5 6 7|2 6 6|2 1 3|
|4 6 3|4 4 3|2 4 3|
-------------------
solution #18
-------------------
|5 5 7|5 6 6|2 6 1|
|5 7 7|2 7 6|2 1 1|
|4 3 3|4 4 3|2 4 3|
-------------------
solution #19
-------------------
|5 5 6|5 7 7|2 7 3|
|5 1 6|2 6 6|2 7 3|
|4 1 1|4 4 3|2 4 3|
-------------------
solution #20
-------------------
|5 5 7|5 6 1|2 6 1|
|5 7 7|2 7 1|2 6 6|
|4 3 3|4 4 3|2 4 3|
-------------------
solution #21
-------------------
|5 5 3|5 6 3|2 6 3|
|5 7 3|2 7 1|2 6 6|
|4 7 7|4 4 1|2 4 1|
-------------------
solution #22
-------------------
|5 5 3|5 6 3|2 6 3|
|5 1 3|2 7 7|2 6 6|
|4 1 1|4 4 7|2 4 7|
-------------------
solution #23
-------------------
|5 5 7|5 1 6|2 1 1|
|5 7 7|2 7 6|2 6 6|
|4 3 3|4 4 3|2 4 3|
-------------------
solution #24
-------------------
|5 5 7|5 7 7|2 3 3|
|5 1 7|2 6 6|2 6 3|
|4 1 1|4 4 6|2 4 3|
-------------------
solution #25
-------------------
|5 5 1|5 1 1|2 7 7|
|5 6 3|2 7 3|2 7 3|
|4 6 6|4 4 6|2 4 3|
-------------------
solution #26
-------------------
|5 5 7|5 7 7|2 3 3|
|5 6 7|2 1 1|2 1 3|
|4 6 6|4 4 6|2 4 3|
-------------------
solution #27
-------------------
|5 5 3|5 7 3|2 7 3|
|5 6 3|2 7 7|2 1 1|
|4 6 6|4 4 6|2 4 1|
-------------------
solution #28
-------------------
|5 5 3|5 7 3|2 3 3|
|5 6 7|2 7 7|2 1 1|
|4 6 6|4 4 6|2 4 1|
-------------------
solution #29
-------------------
|5 5 3|5 7 3|2 7 3|
|5 1 3|2 7 7|2 6 6|
|4 1 1|4 4 6|2 4 6|
-------------------
solution #30
-------------------
|5 5 3|5 1 7|2 7 7|
|5 1 3|2 1 7|2 6 6|
|4 3 3|4 4 6|2 4 6|
-------------------
solution #31
-------------------
|5 5 3|5 7 3|2 3 3|
|5 1 7|2 7 7|2 6 6|
|4 1 1|4 4 6|2 4 6|
-------------------
solution #32
-------------------
|5 5 4|5 4 4|2 4 3|
|5 6 1|2 6 1|2 7 3|
|6 6 1|7 7 3|2 7 3|
-------------------
solution #33
-------------------
|5 5 4|5 4 4|2 4 1|
|5 6 3|2 6 1|2 7 1|
|6 6 3|7 7 3|2 7 3|
-------------------
solution #34
-------------------
|5 5 4|5 4 4|2 4 1|
|5 7 7|2 6 7|2 1 1|
|6 7 3|6 6 3|2 3 3|
-------------------
solution #35
-------------------
|5 5 4|5 4 4|2 4 3|
|5 1 3|2 6 3|2 7 3|
|6 1 1|6 6 7|2 7 7|
-------------------
solution #36
-------------------
|5 5 4|5 4 4|2 4 1|
|5 7 3|2 6 6|2 1 1|
|7 7 3|7 6 3|2 6 3|
-------------------
solution #37
-------------------
|5 5 4|5 4 4|2 4 1|
|5 7 6|2 6 6|2 1 1|
|7 7 3|7 6 3|2 3 3|
-------------------
solution #38
-------------------
|5 5 4|5 4 4|2 4 6|
|5 7 7|2 6 7|2 6 6|
|1 7 3|1 1 3|2 3 3|
-------------------
solution #39
-------------------
|5 5 4|5 4 4|2 4 1|
|5 6 6|2 7 6|2 1 1|
|3 3 3|3 7 6|2 7 7|
-------------------
solution #40
-------------------
|5 5 4|5 4 4|2 4 3|
|5 7 6|2 1 1|2 1 3|
|7 7 6|7 6 6|2 3 3|
-------------------
solution #41
-------------------
|5 5 4|5 4 4|2 4 3|
|5 7 3|2 6 3|2 6 3|
|7 7 1|7 1 1|2 6 6|
-------------------
solution #42
-------------------
|5 5 4|5 4 4|2 4 1|
|5 7 3|2 7 6|2 1 1|
|3 3 3|7 7 6|2 6 6|
-------------------
solution #43
-------------------
|5 5 4|5 4 4|2 4 1|
|5 7 7|2 7 6|2 1 1|
|3 3 3|3 7 6|2 6 6|
-------------------
solution #44
-------------------
|5 5 1|5 7 1|2 7 7|
|5 4 4|2 6 1|2 6 7|
|4 4 3|6 6 3|2 3 3|
-------------------
solution #45
-------------------
|5 5 6|5 6 6|2 3 3|
|5 4 4|2 6 1|2 7 3|
|4 4 1|7 7 1|2 7 3|
-------------------
solution #46
-------------------
|5 5 6|5 6 6|2 1 1|
|5 4 4|2 6 7|2 1 7|
|4 4 3|3 3 3|2 7 7|
-------------------
solution #47
-------------------
|5 5 1|5 6 1|2 6 6|
|5 4 4|2 6 1|2 7 3|
|4 4 3|7 7 3|2 7 3|
-------------------
solution #48
-------------------
|5 5 1|5 1 1|2 3 3|
|5 4 4|2 6 6|2 7 3|
|4 4 6|7 7 6|2 7 3|
-------------------
solution #49
-------------------
|5 5 1|5 7 1|2 7 7|
|5 4 4|2 6 1|2 6 7|
|4 4 3|3 3 3|2 6 6|
-------------------
solution #50
-------------------
|5 5 4|5 7 7|2 7 3|
|5 4 4|2 6 1|2 7 3|
|6 4 1|6 6 1|2 3 3|
-------------------
solution #51
-------------------
|5 5 4|5 7 7|2 7 1|
|5 4 4|2 6 1|2 7 1|
|6 4 3|6 6 3|2 3 3|
-------------------
solution #52
-------------------
|5 5 4|5 7 3|2 7 7|
|5 4 4|2 6 3|2 1 7|
|6 4 3|6 6 3|2 1 1|
-------------------
solution #53
-------------------
|5 5 4|5 1 1|2 7 1|
|5 4 4|2 6 7|2 7 7|
|6 4 3|6 6 3|2 3 3|
-------------------
solution #54
-------------------
|5 5 4|5 7 7|2 1 1|
|5 4 4|2 6 7|2 1 7|
|6 4 3|6 6 3|2 3 3|
-------------------
solution #55
-------------------
|5 5 4|5 7 7|2 7 3|
|5 4 4|2 6 6|2 7 3|
|1 4 6|1 1 6|2 3 3|
-------------------
solution #56
-------------------
|5 5 4|5 7 3|2 7 7|
|5 4 4|2 6 3|2 6 7|
|1 4 3|1 1 3|2 6 6|
-------------------
solution #57
-------------------
|5 5 6|5 7 6|2 7 7|
|5 6 6|2 4 4|2 1 7|
|3 3 3|4 4 3|2 1 1|
-------------------
solution #58
-------------------
|5 5 6|5 7 6|2 7 4|
|5 6 6|2 7 7|2 4 4|
|3 3 3|3 1 1|2 4 1|
-------------------
solution #59
-------------------
|5 5 6|5 7 6|2 7 4|
|5 6 6|2 7 7|2 4 4|
|1 3 3|1 1 3|2 4 3|
-------------------
solution #60
-------------------
|5 5 7|5 6 6|2 6 4|
|5 7 7|2 7 6|2 4 4|
|3 3 3|3 1 1|2 4 1|
-------------------
solution #61
-------------------
|5 5 7|5 6 6|2 6 4|
|5 7 7|2 7 6|2 4 4|
|1 3 3|1 1 3|2 4 3|
-------------------
solution #62
-------------------
|5 5 4|5 1 4|2 1 1|
|5 6 3|2 6 4|2 7 4|
|6 6 3|7 7 3|2 7 3|
-------------------
solution #63
-------------------
|5 5 4|5 6 4|2 6 6|
|5 7 3|2 6 4|2 1 4|
|7 7 3|7 1 3|2 1 3|
-------------------
solution #64
-------------------
|5 5 4|5 6 4|2 6 6|
|5 1 3|2 6 4|2 7 4|
|1 1 3|7 7 3|2 7 3|
-------------------
solution #65
-------------------
|5 5 3|5 4 3|2 1 1|
|5 7 3|2 4 4|2 1 6|
|7 7 3|7 6 4|2 6 6|
-------------------
solution #66
-------------------
|5 5 4|5 7 7|2 7 3|
|5 1 4|2 6 4|2 7 3|
|6 1 1|6 6 4|2 3 3|
-------------------
solution #67
-------------------
|5 5 4|5 6 6|2 3 6|
|5 7 4|2 7 4|2 3 6|
|1 7 7|1 1 4|2 3 3|
-------------------
solution #68
-------------------
|5 5 4|5 7 7|2 1 1|
|5 7 4|2 7 4|2 1 6|
|3 3 3|3 6 4|2 6 6|
-------------------
solution #69
-------------------
|5 5 7|5 7 7|2 3 4|
|5 1 7|2 6 4|2 3 4|
|6 1 1|6 6 4|2 3 3|
-------------------
solution #70
-------------------
|5 5 6|5 1 6|2 1 4|
|5 6 6|2 7 4|2 1 4|
|3 3 3|3 7 4|2 7 7|
-------------------
solution #71
-------------------
|5 5 1|5 6 6|2 3 3|
|5 7 1|2 6 1|2 6 3|
|7 7 4|7 4 4|2 4 3|
-------------------
solution #72
-------------------
|5 5 6|5 6 6|2 1 1|
|5 7 3|2 6 3|2 1 3|
|7 7 4|7 4 4|2 4 3|
-------------------
solution #73
-------------------
|5 5 6|5 1 3|2 1 3|
|5 7 6|2 6 6|2 1 3|
|7 7 4|7 4 4|2 4 3|
-------------------
solution #74
-------------------
|5 5 3|5 1 3|2 1 3|
|5 7 3|2 6 6|2 1 6|
|7 7 4|7 4 4|2 4 6|
-------------------
solution #75
-------------------
|5 5 3|5 7 7|2 7 1|
|5 6 3|2 6 1|2 7 1|
|6 6 3|4 4 3|2 4 4|
-------------------
solution #76
-------------------
|5 5 3|5 1 1|2 7 1|
|5 6 3|2 6 7|2 7 7|
|6 6 3|4 4 3|2 4 4|
-------------------
solution #77
-------------------
|5 5 3|5 7 7|2 1 1|
|5 6 3|2 6 7|2 1 7|
|6 6 3|4 4 3|2 4 4|
-------------------
solution #78
-------------------
|5 5 3|5 1 3|2 1 1|
|5 6 3|2 6 7|2 7 7|
|6 6 3|4 4 7|2 4 4|
-------------------
solution #79
-------------------
|5 5 3|5 6 3|2 6 6|
|5 1 3|2 6 7|2 7 7|
|1 1 3|4 4 7|2 4 4|
-------------------
solution #80
-------------------
|5 5 6|5 7 6|2 7 1|
|5 6 6|2 7 7|2 1 1|
|3 3 3|4 4 3|2 4 4|
-------------------
solution #81
-------------------
|5 5 6|5 7 6|2 7 7|
|5 6 6|2 1 1|2 1 7|
|3 3 3|4 4 3|2 4 4|
-------------------
solution #82
-------------------
|5 5 6|5 1 6|2 1 7|
|5 6 6|2 7 7|2 1 7|
|3 3 3|4 4 3|2 4 4|
-------------------
solution #83
-------------------
|5 5 7|5 6 6|2 6 1|
|5 7 7|2 7 6|2 1 1|
|3 3 3|4 4 3|2 4 4|
-------------------
solution #84
-------------------
|5 5 7|5 6 1|2 6 1|
|5 7 7|2 7 1|2 6 6|
|3 3 3|4 4 3|2 4 4|
-------------------
solution #85
-------------------
|5 5 7|5 1 6|2 1 1|
|5 7 7|2 7 6|2 6 6|
|3 3 3|4 4 3|2 4 4|
-------------------
solution #86
-------------------
|5 5 3|5 7 3|2 7 7|
|5 1 3|2 6 6|2 6 7|
|1 1 3|4 4 6|2 4 4|
-------------------
solution #87
-------------------
|5 5 3|5 1 1|2 4 1|
|5 7 3|2 6 6|2 4 4|
|7 7 3|7 6 3|2 6 4|
-------------------
solution #88
-------------------
|5 5 3|5 1 4|2 1 1|
|5 6 3|2 6 4|2 7 4|
|6 6 3|7 7 3|2 7 4|
-------------------
solution #89
-------------------
|5 5 3|5 6 4|2 6 6|
|5 7 3|2 6 4|2 1 4|
|7 7 3|7 1 3|2 1 4|
-------------------
solution #90
-------------------
|5 5 1|5 6 4|2 6 6|
|5 1 1|2 6 4|2 7 4|
|3 3 3|7 7 3|2 7 4|
-------------------
solution #91
-------------------
|5 5 3|5 6 4|2 6 6|
|5 1 3|2 6 4|2 7 4|
|1 1 3|7 7 3|2 7 4|
-------------------
solution #92
-------------------
|5 5 7|5 1 4|2 1 1|
|5 7 7|2 7 4|2 6 4|
|3 3 3|3 6 6|2 6 4|
-------------------
solution #93
-------------------
|5 5 3|5 4 3|1 4 3|
|5 4 3|2 4 7|1 1 6|
|2 7 7|2 6 7|2 6 6|
-------------------
solution #94
-------------------
|5 5 3|5 4 3|1 4 3|
|5 4 7|2 4 6|1 1 3|
|2 7 7|2 7 6|2 6 6|
-------------------
solution #95
-------------------
|5 5 3|5 4 3|1 3 3|
|5 4 6|2 4 7|1 1 7|
|2 4 6|2 6 6|2 7 7|
-------------------
solution #96
-------------------
|5 5 3|5 4 7|1 7 7|
|5 4 3|2 4 7|1 1 6|
|2 4 3|2 6 3|2 6 6|
-------------------
solution #97
-------------------
|5 5 1|5 6 1|6 6 3|
|5 7 7|2 4 1|6 4 3|
|2 4 7|2 4 7|2 3 3|
-------------------
solution #98
-------------------
|5 5 6|5 6 6|4 3 3|
|5 7 7|2 6 7|4 4 3|
|2 7 1|2 1 1|2 4 3|
-------------------
solution #99
-------------------
|5 5 6|5 6 6|4 3 3|
|5 7 1|2 6 1|4 4 3|
|2 7 1|2 7 7|2 4 3|
-------------------
solution #100
-------------------
|5 5 6|5 6 6|4 3 3|
|5 1 7|2 6 7|4 4 3|
|2 1 1|2 7 7|2 4 3|
-------------------
solution #101
-------------------
|5 5 3|5 6 3|4 6 6|
|5 7 3|2 6 1|4 4 1|
|2 7 3|2 7 7|2 4 1|
-------------------
solution #102
-------------------
|5 5 7|5 1 7|4 1 1|
|5 6 6|2 7 7|4 4 3|
|2 6 3|2 6 3|2 4 3|
-------------------
solution #103
-------------------
|5 5 6|5 7 6|4 7 3|
|5 6 6|2 7 7|4 4 3|
|2 1 1|2 1 3|2 4 3|
-------------------
solution #104
-------------------
|5 5 6|5 1 6|4 1 1|
|5 6 6|2 7 7|4 4 3|
|2 7 3|2 7 3|2 4 3|
-------------------
solution #105
-------------------
|5 5 6|5 7 6|4 7 7|
|5 6 6|2 1 1|4 4 7|
|2 3 3|2 1 3|2 4 3|
-------------------
solution #106
-------------------
|5 5 6|5 1 6|4 1 1|
|5 6 6|2 7 7|4 4 7|
|2 3 3|2 7 3|2 4 3|
-------------------
solution #107
-------------------
|5 5 7|5 7 7|4 3 3|
|5 6 7|2 6 6|4 4 3|
|2 6 1|2 1 1|2 4 3|
-------------------
solution #108
-------------------
|5 5 3|5 7 3|4 7 7|
|5 6 3|2 6 6|4 4 7|
|2 6 3|2 1 1|2 4 1|
-------------------
solution #109
-------------------
|5 5 3|5 1 3|4 1 1|
|5 6 3|2 6 6|4 4 7|
|2 6 3|2 7 7|2 4 7|
-------------------
solution #110
-------------------
|5 5 7|5 6 6|4 6 3|
|5 7 7|2 7 6|4 4 3|
|2 1 1|2 1 3|2 4 3|
-------------------
solution #111
-------------------
|5 5 3|5 7 6|4 7 7|
|5 6 3|2 6 6|4 4 7|
|2 3 3|2 1 1|2 4 1|
-------------------
solution #112
-------------------
|5 5 3|5 1 6|4 1 1|
|5 6 3|2 6 6|4 4 7|
|2 3 3|2 7 7|2 4 7|
-------------------
solution #113
-------------------
|5 5 3|5 7 7|4 6 6|
|5 7 3|2 7 6|4 4 6|
|2 3 3|2 1 1|2 4 1|
-------------------
solution #114
-------------------
|5 5 1|5 1 1|4 6 6|
|5 7 7|2 7 6|4 4 6|
|2 3 3|2 7 3|2 4 3|
-------------------
solution #115
-------------------
|5 5 7|5 7 7|4 6 6|
|5 1 7|2 1 6|4 4 6|
|2 3 3|2 1 3|2 4 3|
-------------------
solution #116
-------------------
|5 5 1|5 7 3|4 7 7|
|5 1 1|2 6 3|4 4 7|
|2 6 6|2 6 3|2 4 3|
-------------------
solution #117
-------------------
|5 5 3|5 1 3|4 3 3|
|5 1 6|2 1 6|4 4 7|
|2 6 6|2 7 7|2 4 7|
-------------------
solution #118
-------------------
|5 5 7|5 7 7|4 3 3|
|5 6 7|2 1 1|4 4 3|
|2 6 6|2 1 6|2 4 3|
-------------------
solution #119
-------------------
|5 5 7|5 7 7|4 3 3|
|5 1 7|2 6 6|4 4 3|
|2 1 6|2 1 6|2 4 3|
-------------------
solution #120
-------------------
|5 5 3|5 1 3|4 1 1|
|5 7 3|2 6 6|4 4 6|
|2 7 3|2 7 7|2 4 6|
-------------------
solution #121
-------------------
|5 5 3|5 6 7|6 6 7|
|5 4 3|2 4 1|6 7 7|
|2 3 3|2 4 1|2 4 1|
-------------------
solution #122
-------------------
|5 5 1|5 6 7|6 6 7|
|5 4 1|2 4 1|6 7 7|
|2 3 3|2 4 3|2 4 3|
-------------------
solution #123
-------------------
|5 5 3|5 6 3|6 6 3|
|5 4 3|2 4 7|6 1 1|
|2 7 7|2 4 7|2 4 1|
-------------------
solution #124
-------------------
|5 5 7|5 7 7|1 6 6|
|5 4 7|2 4 6|1 1 6|
|2 3 3|2 4 3|2 4 3|
-------------------
solution #125
-------------------
|5 5 7|5 4 4|4 4 1|
|5 7 7|2 7 1|6 6 1|
|2 3 3|2 6 3|2 6 3|
-------------------
solution #126
-------------------
|5 5 1|5 4 4|4 4 7|
|5 1 1|2 7 7|6 6 7|
|2 3 3|2 6 3|2 6 3|
-------------------
solution #127
-------------------
|5 5 1|5 4 4|4 4 3|
|5 7 1|2 7 1|6 6 3|
|2 7 7|2 6 3|2 6 3|
-------------------
solution #128
-------------------
|5 5 1|5 4 4|4 4 3|
|5 6 1|2 7 1|7 7 3|
|2 6 6|2 7 6|2 3 3|
-------------------
solution #129
-------------------
|5 5 1|5 4 4|4 4 3|
|5 6 1|2 7 1|3 3 3|
|2 6 6|2 7 6|2 7 7|
-------------------
solution #130
-------------------
|5 5 7|5 4 4|4 4 3|
|5 7 7|2 7 6|3 3 3|
|2 1 1|2 1 6|2 6 6|
-------------------
solution #131
-------------------
|5 5 4|5 4 4|7 4 3|
|5 6 6|2 7 1|7 7 3|
|2 6 1|2 6 1|2 3 3|
-------------------
solution #132
-------------------
|5 5 4|5 4 4|7 4 1|
|5 6 6|2 7 1|7 7 1|
|2 6 3|2 6 3|2 3 3|
-------------------
solution #133
-------------------
|5 5 4|5 4 4|1 4 7|
|5 6 6|2 7 7|1 1 7|
|2 6 3|2 6 3|2 3 3|
-------------------
solution #134
-------------------
|5 5 4|5 4 4|7 4 3|
|5 1 1|2 7 6|7 7 3|
|2 6 1|2 6 6|2 3 3|
-------------------
solution #135
-------------------
|5 5 4|5 4 4|7 4 3|
|5 6 6|2 7 6|7 7 3|
|2 1 1|2 1 6|2 3 3|
-------------------
solution #136
-------------------
|5 5 4|5 4 4|7 4 3|
|5 6 3|2 7 3|7 7 3|
|2 6 6|2 1 6|2 1 1|
-------------------
solution #137
-------------------
|5 5 4|5 4 4|1 4 3|
|5 6 3|2 7 3|1 1 3|
|2 6 6|2 7 6|2 7 7|
-------------------
solution #138
-------------------
|5 5 4|5 6 3|6 6 3|
|5 4 4|2 7 7|6 7 3|
|2 4 1|2 1 1|2 7 3|
-------------------
solution #139
-------------------
|5 5 4|5 6 7|6 6 3|
|5 4 4|2 7 7|6 7 3|
|2 4 1|2 1 1|2 3 3|
-------------------
solution #140
-------------------
|5 5 4|5 6 7|6 6 7|
|5 4 4|2 1 1|6 7 7|
|2 4 3|2 1 3|2 3 3|
-------------------
solution #141
-------------------
|5 5 4|5 6 3|6 6 1|
|5 4 4|2 7 3|6 1 1|
|2 4 3|2 7 3|2 7 7|
-------------------
solution #142
-------------------
|5 5 4|5 6 3|3 3 3|
|5 4 4|2 6 7|6 6 7|
|2 4 1|2 1 1|2 7 7|
-------------------
solution #143
-------------------
|5 5 4|5 7 3|7 7 3|
|5 4 4|2 7 1|6 6 3|
|2 4 1|2 6 1|2 6 3|
-------------------
solution #144
-------------------
|5 5 4|5 7 1|7 7 1|
|5 4 4|2 7 1|6 6 3|
|2 4 3|2 6 3|2 6 3|
-------------------
solution #145
-------------------
|5 5 4|5 6 6|3 3 3|
|5 4 4|2 6 7|3 6 7|
|2 4 1|2 1 1|2 7 7|
-------------------
solution #146
-------------------
|5 5 4|5 6 6|7 6 3|
|5 4 4|2 7 6|7 7 3|
|2 4 1|2 1 1|2 3 3|
-------------------
solution #147
-------------------
|5 5 4|5 6 6|1 6 3|
|5 4 4|2 7 6|1 1 3|
|2 4 7|2 7 7|2 3 3|
-------------------
solution #148
-------------------
|5 5 4|5 7 7|3 3 3|
|5 4 4|2 6 7|3 6 7|
|2 4 1|2 1 1|2 6 6|
-------------------
solution #149
-------------------
|5 5 4|5 1 3|7 1 1|
|5 4 4|2 7 3|7 7 6|
|2 4 3|2 6 3|2 6 6|
-------------------
solution #150
-------------------
|5 5 7|5 7 7|3 3 3|
|5 6 7|2 4 4|4 4 3|
|2 6 6|2 1 6|2 1 1|
-------------------
solution #151
-------------------
|5 5 1|5 6 1|6 6 4|
|5 7 7|2 7 1|6 4 4|
|2 3 3|2 7 3|2 4 3|
-------------------
solution #152
-------------------
|5 5 7|5 6 3|6 6 4|
|5 7 7|2 7 3|6 4 4|
|2 1 1|2 1 3|2 4 3|
-------------------
solution #153
-------------------
|5 5 7|5 6 7|6 6 4|
|5 1 3|2 7 7|6 4 4|
|2 1 3|2 1 3|2 4 3|
-------------------
solution #154
-------------------
|5 5 3|5 6 3|6 6 4|
|5 1 3|2 7 7|6 4 4|
|2 1 3|2 1 7|2 4 7|
-------------------
solution #155
-------------------
|5 5 3|5 6 3|6 6 3|
|5 4 3|2 4 4|6 7 4|
|2 1 1|2 1 7|2 7 7|
-------------------
solution #156
-------------------
|5 5 4|5 6 4|1 6 6|
|5 7 7|2 6 4|1 1 4|
|2 3 7|2 3 7|2 3 3|
-------------------
solution #157
-------------------
|5 5 4|5 6 4|3 3 3|
|5 6 6|2 6 4|3 7 4|
|2 1 1|2 1 7|2 7 7|
-------------------
solution #158
-------------------
|5 5 4|5 1 4|7 1 1|
|5 6 6|2 7 4|7 7 4|
|2 6 3|2 6 3|2 3 3|
-------------------
solution #159
-------------------
|5 5 4|5 6 3|6 6 3|
|5 7 4|2 7 4|6 1 3|
|2 7 7|2 1 4|2 1 3|
-------------------
solution #160
-------------------
|5 5 4|5 7 3|7 7 3|
|5 1 4|2 7 4|6 6 3|
|2 1 1|2 6 4|2 6 3|
-------------------
solution #161
-------------------
|5 5 4|5 1 3|1 1 3|
|5 7 4|2 7 4|6 6 3|
|2 7 7|2 6 4|2 6 3|
-------------------
solution #162
-------------------
|5 5 6|5 6 6|3 3 3|
|5 7 7|2 6 7|3 1 1|
|2 7 4|2 4 4|2 4 1|
-------------------
solution #163
-------------------
|5 5 6|5 6 6|1 3 3|
|5 7 7|2 6 7|1 1 3|
|2 7 4|2 4 4|2 4 3|
-------------------
solution #164
-------------------
|5 5 7|5 7 7|3 3 3|
|5 6 7|2 6 6|3 1 1|
|2 6 4|2 4 4|2 4 1|
-------------------
solution #165
-------------------
|5 5 7|5 7 7|1 3 3|
|5 6 7|2 6 6|1 1 3|
|2 6 4|2 4 4|2 4 3|
-------------------
solution #166
-------------------
|5 5 6|5 1 6|7 1 1|
|5 6 6|2 7 4|7 7 4|
|2 3 4|2 3 4|2 3 3|
-------------------
solution #167
-------------------
|5 5 7|5 7 7|3 3 3|
|5 1 7|2 6 4|3 6 4|
|2 1 4|2 1 4|2 6 6|
-------------------
solution #168
-------------------
|5 5 6|5 6 6|3 3 3|
|5 7 7|2 6 7|4 4 3|
|2 7 1|2 1 1|2 4 4|
-------------------
solution #169
-------------------
|5 5 6|5 6 6|3 3 3|
|5 7 1|2 6 1|4 4 3|
|2 7 1|2 7 7|2 4 4|
-------------------
solution #170
-------------------
|5 5 6|5 6 6|3 3 3|
|5 1 7|2 6 7|4 4 3|
|2 1 1|2 7 7|2 4 4|
-------------------
solution #171
-------------------
|5 5 3|5 7 3|7 7 3|
|5 6 6|2 7 1|4 4 3|
|2 6 1|2 6 1|2 4 4|
-------------------
solution #172
-------------------
|5 5 7|5 7 7|3 3 3|
|5 6 7|2 6 6|4 4 3|
|2 6 1|2 1 1|2 4 4|
-------------------
solution #173
-------------------
|5 5 3|5 7 3|7 7 3|
|5 1 1|2 7 6|4 4 3|
|2 6 1|2 6 6|2 4 4|
-------------------
solution #174
-------------------
|5 5 3|5 7 3|7 7 3|
|5 6 6|2 7 6|4 4 3|
|2 1 1|2 1 6|2 4 4|
-------------------
solution #175
-------------------
|5 5 3|5 7 3|7 7 3|
|5 1 3|2 7 6|4 4 6|
|2 1 1|2 6 6|2 4 4|
-------------------
solution #176
-------------------
|5 5 3|5 1 3|1 1 3|
|5 7 3|2 7 6|4 4 6|
|2 7 7|2 6 6|2 4 4|
-------------------
solution #177
-------------------
|5 5 7|5 7 7|3 3 3|
|5 6 7|2 1 1|4 4 3|
|2 6 6|2 1 6|2 4 4|
-------------------
solution #178
-------------------
|5 5 3|5 1 3|1 1 3|
|5 6 3|2 7 7|4 4 7|
|2 6 6|2 7 6|2 4 4|
-------------------
solution #179
-------------------
|5 5 7|5 7 7|3 3 3|
|5 1 7|2 6 6|4 4 3|
|2 1 6|2 1 6|2 4 4|
-------------------
solution #180
-------------------
|5 5 3|5 6 3|6 6 3|
|5 1 1|2 7 7|6 7 3|
|2 4 1|2 4 4|2 7 4|
-------------------
solution #181
-------------------
|5 5 3|5 6 3|6 6 3|
|5 7 4|2 7 4|6 1 3|
|2 7 7|2 1 4|2 1 4|
-------------------
solution #182
-------------------
|5 5 3|5 7 3|7 7 3|
|5 1 4|2 7 4|6 6 3|
|2 1 1|2 6 4|2 6 4|
-------------------
solution #183
-------------------
|5 5 1|5 1 1|3 3 3|
|5 7 4|2 7 4|6 6 3|
|2 7 7|2 6 4|2 6 4|
-------------------
solution #184
-------------------
|5 5 3|5 1 3|1 1 3|
|5 7 4|2 7 4|6 6 3|
|2 7 7|2 6 4|2 6 4|
-------------------
solution #185
-------------------
|5 5 6|5 6 6|3 3 3|
|5 1 4|2 6 4|3 7 7|
|2 1 1|2 7 4|2 7 4|
-------------------
solution #186
-------------------
|5 5 3|5 4 3|2 3 3|
|5 1 6|4 4 7|2 2 7|
|1 1 6|4 6 6|2 7 7|
-------------------
solution #187
-------------------
|5 5 1|5 4 7|2 7 7|
|5 1 1|4 4 7|2 2 6|
|3 3 3|4 6 3|2 6 6|
-------------------
solution #188
-------------------
|5 5 3|5 4 7|2 7 7|
|5 1 3|4 4 7|2 2 6|
|1 1 3|4 6 3|2 6 6|
-------------------
solution #189
-------------------
|5 5 3|5 4 3|2 4 3|
|5 4 3|6 4 7|2 2 7|
|6 6 1|6 1 1|2 7 7|
-------------------
solution #190
-------------------
|5 5 3|5 4 3|2 4 3|
|5 4 3|1 4 7|2 2 6|
|1 7 7|1 6 7|2 6 6|
-------------------
solution #191
-------------------
|5 5 3|5 4 3|2 4 3|
|5 4 7|1 4 6|2 2 3|
|1 7 7|1 7 6|2 6 6|
-------------------
solution #192
-------------------
|5 5 3|5 4 3|2 3 3|
|5 4 6|1 4 7|2 2 7|
|1 4 6|1 6 6|2 7 7|
-------------------
solution #193
-------------------
|5 5 3|5 4 7|2 7 7|
|5 4 3|1 4 7|2 2 6|
|1 4 3|1 6 3|2 6 6|
-------------------
solution #194
-------------------
|5 5 1|5 6 3|2 6 3|
|5 1 1|6 6 7|2 2 3|
|4 7 7|4 4 7|2 4 3|
-------------------
solution #195
-------------------
|5 5 6|5 1 6|2 3 3|
|5 6 6|1 1 7|2 2 3|
|4 7 7|4 4 7|2 4 3|
-------------------
solution #196
-------------------
|5 5 1|5 1 1|2 6 6|
|5 7 3|7 7 6|2 2 6|
|4 7 3|4 4 3|2 4 3|
-------------------
solution #197
-------------------
|5 5 7|5 7 7|2 6 6|
|5 1 7|1 1 6|2 2 6|
|4 3 3|4 4 3|2 4 3|
-------------------
solution #198
-------------------
|5 5 7|5 7 7|2 3 3|
|5 4 7|6 4 1|2 2 3|
|6 6 1|6 4 1|2 4 3|
-------------------
solution #199
-------------------
|5 5 3|5 7 3|2 7 7|
|5 4 3|6 4 1|2 2 7|
|6 6 3|6 4 1|2 4 1|
-------------------
solution #200
-------------------
|5 5 1|5 7 1|2 7 7|
|5 4 3|6 4 1|2 2 7|
|6 6 3|6 4 3|2 4 3|
-------------------
solution #201
-------------------
|5 5 7|5 7 7|2 6 6|
|5 4 7|1 4 6|2 2 6|
|1 3 3|1 4 3|2 4 3|
-------------------
solution #202
-------------------
|5 5 3|5 4 4|2 6 6|
|5 7 3|4 4 6|2 2 6|
|7 7 3|7 1 3|2 1 1|
-------------------
solution #203
-------------------
|5 5 4|5 4 4|2 4 3|
|5 7 7|6 7 1|2 2 3|
|6 6 1|6 7 1|2 3 3|
-------------------
solution #204
-------------------
|5 5 4|5 4 4|2 4 1|
|5 7 7|6 7 1|2 2 1|
|6 6 3|6 7 3|2 3 3|
-------------------
solution #205
-------------------
|5 5 4|5 4 4|2 4 3|
|5 1 1|6 7 1|2 2 3|
|6 6 7|6 7 7|2 3 3|
-------------------
solution #206
-------------------
|5 5 4|5 4 4|2 4 3|
|5 7 7|6 1 1|2 2 3|
|6 6 7|6 1 7|2 3 3|
-------------------
solution #207
-------------------
|5 5 4|5 4 4|2 4 7|
|5 1 3|6 7 7|2 2 7|
|1 1 3|6 6 3|2 6 3|
-------------------
solution #208
-------------------
|5 5 4|5 4 4|2 4 3|
|5 1 7|6 7 7|2 2 3|
|1 1 7|6 6 3|2 6 3|
-------------------
solution #209
-------------------
|5 5 4|5 4 4|2 4 3|
|5 6 6|7 7 1|2 2 3|
|7 6 1|7 6 1|2 3 3|
-------------------
solution #210
-------------------
|5 5 4|5 4 4|2 4 1|
|5 6 6|7 7 1|2 2 1|
|7 6 3|7 6 3|2 3 3|
-------------------
solution #211
-------------------
|5 5 4|5 4 4|2 4 7|
|5 6 6|1 7 7|2 2 7|
|1 6 3|1 6 3|2 3 3|
-------------------
solution #212
-------------------
|5 5 4|5 4 4|2 4 3|
|5 1 1|7 7 6|2 2 3|
|7 6 1|7 6 6|2 3 3|
-------------------
solution #213
-------------------
|5 5 4|5 4 4|2 4 3|
|5 6 6|7 7 6|2 2 3|
|7 1 1|7 1 6|2 3 3|
-------------------
solution #214
-------------------
|5 5 4|5 4 4|2 4 3|
|5 6 3|7 7 3|2 2 3|
|7 6 6|7 1 6|2 1 1|
-------------------
solution #215
-------------------
|5 5 4|5 4 4|2 4 3|
|5 6 3|1 7 3|2 2 3|
|1 6 6|1 7 6|2 7 7|
-------------------
solution #216
-------------------
|5 5 7|5 1 7|2 1 1|
|5 4 4|6 7 7|2 2 3|
|4 4 3|6 6 3|2 6 3|
-------------------
solution #217
-------------------
|5 5 4|5 6 6|2 6 3|
|5 4 4|7 7 6|2 2 3|
|7 4 1|7 1 1|2 3 3|
-------------------
solution #218
-------------------
|5 5 4|5 6 6|2 6 3|
|5 4 4|1 7 6|2 2 3|
|1 4 7|1 7 7|2 3 3|
-------------------
solution #219
-------------------
|5 5 4|5 1 3|2 1 1|
|5 4 4|7 7 3|2 2 6|
|7 4 3|7 6 3|2 6 6|
-------------------
solution #220
-------------------
|5 5 1|5 7 4|2 7 7|
|5 1 1|6 4 4|2 2 7|
|6 6 3|6 4 3|2 3 3|
-------------------
solution #221
-------------------
|5 5 4|5 1 4|2 1 1|
|5 7 7|6 7 4|2 2 4|
|6 6 3|6 7 3|2 3 3|
-------------------
solution #222
-------------------
|5 5 4|5 6 4|2 6 6|
|5 7 7|1 6 4|2 2 4|
|1 3 7|1 3 7|2 3 3|
-------------------
solution #223
-------------------
|5 5 4|5 1 4|2 1 1|
|5 6 6|7 7 4|2 2 4|
|7 6 3|7 6 3|2 3 3|
-------------------
solution #224
-------------------
|5 5 6|5 1 6|2 1 1|
|5 6 6|4 4 7|2 2 7|
|3 3 3|3 4 4|2 7 7|
-------------------
solution #225
-------------------
|5 5 3|5 1 3|2 1 1|
|5 6 3|6 6 7|2 2 7|
|4 4 3|6 4 4|2 7 7|
-------------------
solution #226
-------------------
|5 5 3|5 6 3|2 6 4|
|5 7 3|6 6 4|2 2 4|
|7 7 3|7 1 4|2 1 1|
-------------------
solution #227
-------------------
|5 5 3|5 6 3|2 6 3|
|5 7 3|6 6 1|2 2 1|
|7 7 4|7 4 4|2 4 1|
-------------------
solution #228
-------------------
|5 5 1|5 6 3|2 6 3|
|5 7 1|6 6 1|2 2 3|
|7 7 4|7 4 4|2 4 3|
-------------------
solution #229
-------------------
|5 5 1|5 7 7|2 3 3|
|5 7 1|6 7 1|2 2 3|
|6 6 4|6 4 4|2 4 3|
-------------------
solution #230
-------------------
|5 5 7|5 1 1|2 3 3|
|5 7 7|6 7 1|2 2 3|
|6 6 4|6 4 4|2 4 3|
-------------------
solution #231
-------------------
|5 5 7|5 7 7|2 3 3|
|5 1 7|6 1 1|2 2 3|
|6 6 4|6 4 4|2 4 3|
-------------------
solution #232
-------------------
|5 5 1|5 7 3|2 7 3|
|5 1 1|6 7 7|2 2 3|
|6 6 4|6 4 4|2 4 3|
-------------------
solution #233
-------------------
|5 5 6|5 6 6|2 3 3|
|5 7 7|1 6 7|2 2 3|
|1 7 4|1 4 4|2 4 3|
-------------------
solution #234
-------------------
|5 5 7|5 7 7|2 3 3|
|5 6 7|1 6 6|2 2 3|
|1 6 4|1 4 4|2 4 3|
-------------------
solution #235
-------------------
|5 5 3|5 6 3|2 6 3|
|5 7 3|6 6 4|2 2 4|
|7 7 4|7 1 4|2 1 1|
-------------------
solution #236
-------------------
|5 5 6|5 1 6|2 1 1|
|5 6 6|7 7 4|2 2 4|
|7 3 4|7 3 4|2 3 3|
-------------------
solution #237
-------------------
|5 5 7|5 7 7|2 6 6|
|5 1 7|1 1 6|2 2 6|
|3 3 3|4 4 3|2 4 4|
-------------------
solution #238
-------------------
|5 5 7|5 1 4|2 1 1|
|5 7 7|6 7 4|2 2 4|
|3 3 3|6 6 3|2 6 4|
-------------------
solution #239
-------------------
|5 5 1|5 1 1|3 3 3|
|5 4 6|4 4 6|4 7 3|
|2 6 6|2 2 7|2 7 7|
-------------------
solution #240
-------------------
|5 5 3|5 1 3|1 1 3|
|5 4 6|4 4 6|4 7 3|
|2 6 6|2 2 7|2 7 7|
-------------------
solution #241
-------------------
|5 5 3|5 1 7|1 1 7|
|5 4 3|4 4 6|4 7 7|
|2 3 3|2 2 6|2 6 6|
-------------------
solution #242
-------------------
|5 5 3|5 4 3|1 4 3|
|5 4 6|1 4 6|1 7 3|
|2 6 6|2 2 7|2 7 7|
-------------------
solution #243
-------------------
|5 5 3|5 4 7|1 4 7|
|5 4 3|1 4 6|1 7 7|
|2 3 3|2 2 6|2 6 6|
-------------------
solution #244
-------------------
|5 5 3|5 4 6|1 6 6|
|5 4 3|1 4 7|1 6 7|
|2 4 3|2 2 3|2 7 7|
-------------------
solution #245
-------------------
|5 5 3|5 4 3|1 6 6|
|5 4 3|1 4 6|1 7 6|
|2 4 3|2 2 7|2 7 7|
-------------------
solution #246
-------------------
|5 5 3|5 4 3|7 7 1|
|5 4 3|7 4 6|7 1 1|
|2 4 3|2 2 6|2 6 6|
-------------------
solution #247
-------------------
|5 5 1|5 6 3|4 6 3|
|5 1 1|6 6 7|4 4 3|
|2 7 7|2 2 7|2 4 3|
-------------------
solution #248
-------------------
|5 5 6|5 1 6|4 3 3|
|5 6 6|1 1 7|4 4 3|
|2 7 7|2 2 7|2 4 3|
-------------------
solution #249
-------------------
|5 5 1|5 1 1|4 6 6|
|5 7 3|7 7 6|4 4 6|
|2 7 3|2 2 3|2 4 3|
-------------------
solution #250
-------------------
|5 5 7|5 7 7|4 6 6|
|5 1 7|1 1 6|4 4 6|
|2 3 3|2 2 3|2 4 3|
-------------------
solution #251
-------------------
|5 5 6|5 4 6|7 7 1|
|5 6 6|7 4 1|7 4 1|
|2 3 3|2 2 3|2 4 3|
-------------------
solution #252
-------------------
|5 5 6|5 4 6|1 3 3|
|5 6 6|1 4 7|1 4 3|
|2 7 7|2 2 7|2 4 3|
-------------------
solution #253
-------------------
|5 5 3|5 4 3|7 7 3|
|5 6 3|7 4 1|7 4 1|
|2 6 6|2 2 6|2 4 1|
-------------------
solution #254
-------------------
|5 5 1|5 4 3|7 7 3|
|5 6 1|7 4 1|7 4 3|
|2 6 6|2 2 6|2 4 3|
-------------------
solution #255
-------------------
|5 5 6|5 4 4|4 4 3|
|5 1 6|7 6 6|7 7 3|
|2 1 1|2 2 3|2 7 3|
-------------------
solution #256
-------------------
|5 5 4|5 4 4|6 4 1|
|5 7 7|6 6 7|6 1 1|
|2 7 3|2 2 3|2 3 3|
-------------------
solution #257
-------------------
|5 5 4|5 4 4|6 4 3|
|5 1 3|6 6 3|6 7 3|
|2 1 1|2 2 7|2 7 7|
-------------------
solution #258
-------------------
|5 5 4|5 4 4|1 4 6|
|5 7 7|1 6 7|1 6 6|
|2 7 3|2 2 3|2 3 3|
-------------------
solution #259
-------------------
|5 5 3|5 6 3|6 6 3|
|5 4 4|4 4 7|6 1 3|
|2 7 7|2 2 7|2 1 1|
-------------------
solution #260
-------------------
|5 5 4|5 7 7|6 7 3|
|5 4 4|6 6 1|6 7 3|
|2 4 1|2 2 1|2 3 3|
-------------------
solution #261
-------------------
|5 5 4|5 7 7|6 7 1|
|5 4 4|6 6 1|6 7 1|
|2 4 3|2 2 3|2 3 3|
-------------------
solution #262
-------------------
|5 5 4|5 7 3|6 7 7|
|5 4 4|6 6 3|6 1 7|
|2 4 3|2 2 3|2 1 1|
-------------------
solution #263
-------------------
|5 5 4|5 1 1|6 7 1|
|5 4 4|6 6 7|6 7 7|
|2 4 3|2 2 3|2 3 3|
-------------------
solution #264
-------------------
|5 5 4|5 7 7|6 1 1|
|5 4 4|6 6 7|6 1 7|
|2 4 3|2 2 3|2 3 3|
-------------------
solution #265
-------------------
|5 5 4|5 6 6|7 7 3|
|5 4 4|7 6 1|7 6 3|
|2 4 1|2 2 1|2 3 3|
-------------------
solution #266
-------------------
|5 5 4|5 6 6|7 7 1|
|5 4 4|7 6 1|7 6 1|
|2 4 3|2 2 3|2 3 3|
-------------------
solution #267
-------------------
|5 5 4|5 1 6|1 1 6|
|5 4 4|7 6 6|7 7 3|
|2 4 3|2 2 3|2 7 3|
-------------------
solution #268
-------------------
|5 5 4|5 1 1|7 7 6|
|5 4 4|7 6 1|7 6 6|
|2 4 3|2 2 3|2 3 3|
-------------------
solution #269
-------------------
|5 5 4|5 6 6|7 7 6|
|5 4 4|7 1 1|7 1 6|
|2 4 3|2 2 3|2 3 3|
-------------------
solution #270
-------------------
|5 5 4|5 1 3|1 1 3|
|5 4 4|7 6 6|7 7 3|
|2 4 6|2 2 6|2 7 3|
-------------------
solution #271
-------------------
|5 5 4|5 7 7|1 7 3|
|5 4 4|1 6 6|1 7 3|
|2 4 6|2 2 6|2 3 3|
-------------------
solution #272
-------------------
|5 5 4|5 7 3|1 7 7|
|5 4 4|1 6 3|1 6 7|
|2 4 3|2 2 3|2 6 6|
-------------------
solution #273
-------------------
|5 5 1|5 1 1|7 7 3|
|5 6 4|7 4 4|7 4 3|
|2 6 6|2 2 6|2 3 3|
-------------------
solution #274
-------------------
|5 5 3|5 7 3|4 4 3|
|5 1 3|7 7 6|7 4 4|
|2 1 1|2 2 6|2 6 6|
-------------------
solution #275
-------------------
|5 5 7|5 7 7|3 3 3|
|5 1 7|4 4 6|3 4 4|
|2 1 1|2 2 6|2 6 6|
-------------------
solution #276
-------------------
|5 5 3|5 6 3|6 6 4|
|5 7 3|7 7 1|6 4 4|
|2 7 3|2 2 1|2 4 1|
-------------------
solution #277
-------------------
|5 5 1|5 6 1|6 6 4|
|5 7 3|7 7 1|6 4 4|
|2 7 3|2 2 3|2 4 3|
-------------------
solution #278
-------------------
|5 5 6|5 6 6|7 7 4|
|5 1 1|7 6 1|7 4 4|
|2 3 3|2 2 3|2 4 3|
-------------------
solution #279
-------------------
|5 5 1|5 6 1|7 7 4|
|5 6 6|7 6 1|7 4 4|
|2 3 3|2 2 3|2 4 3|
-------------------
solution #280
-------------------
|5 5 6|5 1 6|7 7 4|
|5 6 6|7 1 1|7 4 4|
|2 3 3|2 2 3|2 4 3|
-------------------
solution #281
-------------------
|5 5 6|5 7 6|1 7 4|
|5 6 6|1 7 7|1 4 4|
|2 3 3|2 2 3|2 4 3|
-------------------
solution #282
-------------------
|5 5 1|5 1 1|7 7 4|
|5 6 3|7 6 6|7 4 4|
|2 6 3|2 2 3|2 4 3|
-------------------
solution #283
-------------------
|5 5 7|5 6 6|1 6 4|
|5 7 7|1 7 6|1 4 4|
|2 3 3|2 2 3|2 4 3|
-------------------
solution #284
-------------------
|5 5 4|5 7 7|6 7 3|
|5 1 4|6 6 4|6 7 3|
|2 1 1|2 2 4|2 3 3|
-------------------
solution #285
-------------------
|5 5 4|5 6 6|7 7 3|
|5 1 4|7 6 4|7 6 3|
|2 1 1|2 2 4|2 3 3|
-------------------
solution #286
-------------------
|5 5 4|5 6 6|1 3 6|
|5 7 4|1 7 4|1 3 6|
|2 7 7|2 2 4|2 3 3|
-------------------
solution #287
-------------------
|5 5 3|5 6 3|6 6 4|
|5 7 3|7 7 4|6 1 4|
|2 7 3|2 2 4|2 1 1|
-------------------
solution #288
-------------------
|5 5 7|5 7 7|6 3 4|
|5 1 7|6 6 4|6 3 4|
|2 1 1|2 2 4|2 3 3|
-------------------
solution #289
-------------------
|5 5 3|5 6 3|6 6 3|
|5 7 3|7 7 4|6 1 4|
|2 7 4|2 2 4|2 1 1|
-------------------
solution #290
-------------------
|5 5 6|5 1 6|3 3 3|
|5 6 6|1 1 7|4 4 3|
|2 7 7|2 2 7|2 4 4|
-------------------
solution #291
-------------------
|5 5 6|5 6 6|3 3 3|
|5 1 4|7 6 4|7 7 3|
|2 1 1|2 2 4|2 7 4|
-------------------
solution #292
-------------------
|5 5 3|5 7 3|4 7 7|
|5 6 3|4 6 1|4 2 7|
|6 6 3|4 1 1|2 2 2|
-------------------
solution #293
-------------------
|5 5 6|5 7 6|4 7 7|
|5 6 6|4 1 1|4 2 7|
|3 3 3|4 1 3|2 2 2|
-------------------
solution #294
-------------------
|5 5 6|5 1 6|4 1 1|
|5 6 6|4 7 7|4 2 7|
|3 3 3|4 7 3|2 2 2|
-------------------
solution #295
-------------------
|5 5 3|5 7 6|4 7 7|
|5 6 3|4 6 6|4 2 7|
|1 1 3|4 1 3|2 2 2|
-------------------
solution #296
-------------------
|5 5 3|5 6 3|4 3 3|
|5 7 7|4 6 6|4 2 6|
|1 1 7|4 1 7|2 2 2|
-------------------
solution #297
-------------------
|5 5 3|5 7 7|4 6 6|
|5 7 3|4 7 6|4 2 6|
|1 1 3|4 1 3|2 2 2|
-------------------
solution #298
-------------------
|5 5 1|5 1 1|4 6 6|
|5 7 7|4 7 6|4 2 6|
|3 3 3|4 7 3|2 2 2|
-------------------
solution #299
-------------------
|5 5 7|5 7 7|4 6 6|
|5 1 7|4 1 6|4 2 6|
|3 3 3|4 1 3|2 2 2|
-------------------
solution #300
-------------------
|5 5 3|5 7 3|4 7 7|
|5 6 6|4 6 3|4 2 7|
|1 1 6|4 1 3|2 2 2|
-------------------
solution #301
-------------------
|5 5 1|5 7 1|4 7 7|
|5 6 3|4 6 1|4 2 7|
|3 3 3|4 6 6|2 2 2|
-------------------
solution #302
-------------------
|5 5 3|5 7 3|4 7 3|
|5 1 6|4 7 7|4 2 3|
|1 1 6|4 6 6|2 2 2|
-------------------
solution #303
-------------------
|5 5 6|5 6 6|3 3 3|
|5 7 7|4 6 7|4 2 3|
|4 7 1|4 1 1|2 2 2|
-------------------
solution #304
-------------------
|5 5 6|5 6 6|3 3 3|
|5 7 1|4 6 1|4 2 3|
|4 7 1|4 7 7|2 2 2|
-------------------
solution #305
-------------------
|5 5 6|5 6 6|3 3 3|
|5 1 7|4 6 7|4 2 3|
|4 1 1|4 7 7|2 2 2|
-------------------
solution #306
-------------------
|5 5 3|5 7 3|7 7 3|
|5 6 6|4 7 1|4 2 3|
|4 6 1|4 6 1|2 2 2|
-------------------
solution #307
-------------------
|5 5 7|5 7 7|3 3 3|
|5 6 7|4 6 6|4 2 3|
|4 6 1|4 1 1|2 2 2|
-------------------
solution #308
-------------------
|5 5 3|5 7 3|7 7 3|
|5 1 1|4 7 6|4 2 3|
|4 6 1|4 6 6|2 2 2|
-------------------
solution #309
-------------------
|5 5 3|5 7 3|7 7 3|
|5 6 6|4 7 6|4 2 3|
|4 1 1|4 1 6|2 2 2|
-------------------
solution #310
-------------------
|5 5 3|5 7 3|7 7 3|
|5 1 3|4 7 6|4 2 6|
|4 1 1|4 6 6|2 2 2|
-------------------
solution #311
-------------------
|5 5 3|5 1 3|1 1 3|
|5 7 3|4 7 6|4 2 6|
|4 7 7|4 6 6|2 2 2|
-------------------
solution #312
-------------------
|5 5 7|5 7 7|3 3 3|
|5 6 7|4 1 1|4 2 3|
|4 6 6|4 1 6|2 2 2|
-------------------
solution #313
-------------------
|5 5 3|5 1 3|1 1 3|
|5 6 3|4 7 7|4 2 7|
|4 6 6|4 7 6|2 2 2|
-------------------
solution #314
-------------------
|5 5 7|5 7 7|3 3 3|
|5 1 7|4 6 6|4 2 3|
|4 1 6|4 1 6|2 2 2|
-------------------
solution #315
-------------------
|5 5 3|5 4 4|4 4 1|
|5 6 3|7 6 1|7 2 1|
|6 6 3|7 7 3|2 2 2|
-------------------
solution #316
-------------------
|5 5 3|5 4 4|4 4 1|
|5 7 3|6 6 1|6 2 1|
|7 7 3|7 6 3|2 2 2|
-------------------
solution #317
-------------------
|5 5 4|5 4 4|6 4 3|
|5 7 3|6 6 3|6 2 3|
|7 7 1|7 1 1|2 2 2|
-------------------
solution #318
-------------------
|5 5 3|5 6 3|6 6 3|
|5 4 4|4 4 7|6 2 3|
|1 7 7|1 1 7|2 2 2|
-------------------
solution #319
-------------------
|5 5 1|5 7 1|6 7 7|
|5 4 4|6 6 1|6 2 7|
|4 4 3|3 3 3|2 2 2|
-------------------
solution #320
-------------------
|5 5 6|5 6 6|7 7 1|
|5 4 4|7 6 1|7 2 1|
|4 4 3|3 3 3|2 2 2|
-------------------
solution #321
-------------------
|5 5 6|5 6 6|3 3 3|
|5 4 4|7 6 1|7 2 3|
|4 4 1|7 7 1|2 2 2|
-------------------
solution #322
-------------------
|5 5 1|5 1 1|3 3 3|
|5 4 4|7 6 6|7 2 3|
|4 4 6|7 7 6|2 2 2|
-------------------
solution #323
-------------------
|5 5 3|5 1 3|1 1 3|
|5 4 4|7 6 6|7 2 3|
|4 4 6|7 7 6|2 2 2|
-------------------
solution #324
-------------------
|5 5 4|5 7 3|6 7 7|
|5 4 4|6 6 3|6 2 7|
|1 4 3|1 1 3|2 2 2|
-------------------
solution #325
-------------------
|5 5 4|5 7 3|1 7 7|
|5 4 4|1 6 3|1 2 7|
|6 4 3|6 6 3|2 2 2|
-------------------
solution #326
-------------------
|5 5 6|5 7 6|1 7 7|
|5 6 6|1 4 4|1 2 7|
|3 3 3|4 4 3|2 2 2|
-------------------
solution #327
-------------------
|5 5 1|5 6 6|7 7 6|
|5 1 1|7 4 4|7 2 6|
|3 3 3|4 4 3|2 2 2|
-------------------
solution #328
-------------------
|5 5 3|5 6 6|7 7 6|
|5 1 3|7 4 4|7 2 6|
|1 1 3|4 4 3|2 2 2|
-------------------
solution #329
-------------------
|5 5 7|5 7 7|3 3 3|
|5 4 7|6 4 4|3 2 4|
|6 6 1|6 1 1|2 2 2|
-------------------
solution #330
-------------------
|5 5 4|5 1 4|3 3 3|
|5 7 6|1 1 4|3 2 4|
|7 7 6|7 6 6|2 2 2|
-------------------
solution #331
-------------------
|5 5 3|5 6 3|6 6 3|
|5 7 1|4 4 1|6 2 3|
|7 7 1|7 4 4|2 2 2|
-------------------
solution #332
-------------------
|5 5 3|5 6 3|6 6 1|
|5 7 3|4 4 1|6 2 1|
|7 7 3|7 4 4|2 2 2|
-------------------
solution #333
-------------------
|5 5 4|5 6 6|7 7 6|
|5 1 4|7 1 4|7 2 6|
|3 3 3|3 1 4|2 2 2|
-------------------
solution #334
-------------------
|5 5 3|5 6 3|6 6 4|
|5 1 3|7 7 4|6 2 4|
|7 1 3|7 1 4|2 2 2|
-------------------
solution #335
-------------------
|5 5 3|5 6 3|6 6 4|
|5 7 3|1 1 4|6 2 4|
|7 7 3|7 1 4|2 2 2|
-------------------
solution #336
-------------------
|5 5 3|5 6 3|6 6 4|
|5 7 3|7 7 4|6 2 4|
|1 7 3|1 1 4|2 2 2|
-------------------
solution #337
-------------------
|5 5 3|5 1 3|1 1 4|
|5 6 3|7 6 4|7 2 4|
|6 6 3|7 7 4|2 2 2|
-------------------
solution #338
-------------------
|5 5 3|5 1 3|1 1 4|
|5 7 3|6 6 4|6 2 4|
|7 7 3|7 6 4|2 2 2|
-------------------
solution #339
-------------------
|5 5 3|5 6 3|6 6 3|
|5 1 3|7 7 4|6 2 4|
|7 1 4|7 1 4|2 2 2|
-------------------
solution #340
-------------------
|5 5 3|5 6 3|6 6 3|
|5 7 3|1 1 4|6 2 4|
|7 7 4|7 1 4|2 2 2|
-------------------
solution #341
-------------------
|5 5 3|5 6 3|6 6 3|
|5 7 3|7 7 4|6 2 4|
|1 7 4|1 1 4|2 2 2|
-------------------
solution #342
-------------------
|5 5 7|5 7 7|3 3 3|
|5 6 7|6 6 4|3 2 4|
|1 1 4|6 1 4|2 2 2|
-------------------
solution #343
-------------------
|5 5 1|5 1 1|3 3 3|
|5 7 7|6 7 4|3 2 4|
|6 6 4|6 7 4|2 2 2|
-------------------
solution #344
-------------------
|5 5 7|5 7 7|3 3 3|
|5 1 7|6 1 4|3 2 4|
|6 6 4|6 1 4|2 2 2|
-------------------
solution #345
-------------------
|5 5 3|5 1 3|1 1 3|
|5 6 3|7 6 4|7 2 4|
|6 6 4|7 7 4|2 2 2|
-------------------
solution #346
-------------------
|5 5 7|5 7 7|3 3 3|
|5 6 7|1 6 4|3 2 4|
|6 6 4|1 1 4|2 2 2|
-------------------
solution #347
-------------------
|5 5 3|5 1 3|1 1 3|
|5 7 3|6 6 4|6 2 4|
|7 7 4|7 6 4|2 2 2|
-------------------
solution #348
-------------------
|5 5 1|5 1 1|3 3 3|
|5 6 6|7 7 4|3 2 4|
|7 6 4|7 6 4|2 2 2|
-------------------
solution #349
-------------------
|5 5 3|5 7 7|4 7 1|
|5 6 3|4 6 1|4 7 1|
|6 6 3|4 2 3|2 2 2|
-------------------
solution #350
-------------------
|5 5 3|5 1 1|4 7 1|
|5 6 3|4 6 7|4 7 7|
|6 6 3|4 2 3|2 2 2|
-------------------
solution #351
-------------------
|5 5 3|5 7 7|4 1 1|
|5 6 3|4 6 7|4 1 7|
|6 6 3|4 2 3|2 2 2|
-------------------
solution #352
-------------------
|5 5 3|5 1 3|4 1 1|
|5 6 3|4 6 7|4 7 7|
|6 6 3|4 2 7|2 2 2|
-------------------
solution #353
-------------------
|5 5 3|5 6 3|4 6 6|
|5 1 3|4 6 7|4 7 7|
|1 1 3|4 2 7|2 2 2|
-------------------
solution #354
-------------------
|5 5 6|5 7 6|4 7 1|
|5 6 6|4 7 7|4 1 1|
|3 3 3|4 2 3|2 2 2|
-------------------
solution #355
-------------------
|5 5 6|5 7 6|4 7 7|
|5 6 6|4 1 1|4 1 7|
|3 3 3|4 2 3|2 2 2|
-------------------
solution #356
-------------------
|5 5 6|5 1 6|4 1 7|
|5 6 6|4 7 7|4 1 7|
|3 3 3|4 2 3|2 2 2|
-------------------
solution #357
-------------------
|5 5 7|5 6 6|4 6 1|
|5 7 7|4 7 6|4 1 1|
|3 3 3|4 2 3|2 2 2|
-------------------
solution #358
-------------------
|5 5 7|5 6 1|4 6 1|
|5 7 7|4 7 1|4 6 6|
|3 3 3|4 2 3|2 2 2|
-------------------
solution #359
-------------------
|5 5 7|5 1 6|4 1 1|
|5 7 7|4 7 6|4 6 6|
|3 3 3|4 2 3|2 2 2|
-------------------
solution #360
-------------------
|5 5 3|5 7 3|4 7 7|
|5 1 3|4 6 6|4 6 7|
|1 1 3|4 2 6|2 2 2|
-------------------
solution #361
-------------------
|5 5 1|5 6 6|3 3 3|
|5 1 1|4 6 7|4 6 3|
|4 7 7|4 2 7|2 2 2|
-------------------
solution #362
-------------------
|5 5 3|5 6 3|1 1 3|
|5 6 6|4 6 7|4 1 3|
|4 7 7|4 2 7|2 2 2|
-------------------
solution #363
-------------------
|5 5 6|5 1 6|3 3 3|
|5 6 6|4 1 7|4 1 3|
|4 7 7|4 2 7|2 2 2|
-------------------
solution #364
-------------------
|5 5 3|5 1 7|1 1 7|
|5 6 3|4 6 6|4 7 7|
|4 6 3|4 2 3|2 2 2|
-------------------
solution #365
-------------------
|5 5 3|5 6 6|1 1 6|
|5 7 3|4 7 7|4 1 6|
|4 3 3|4 2 7|2 2 2|
-------------------
solution #366
-------------------
|5 5 7|5 7 7|3 3 3|
|5 1 7|4 6 6|4 6 3|
|4 1 1|4 2 6|2 2 2|
-------------------
solution #367
-------------------
|5 5 3|5 7 3|7 7 3|
|5 6 3|4 7 1|4 1 1|
|4 6 6|4 2 6|2 2 2|
-------------------
solution #368
-------------------
|5 5 3|5 7 7|1 1 7|
|5 6 3|4 7 3|4 1 3|
|4 6 6|4 2 6|2 2 2|
-------------------
solution #369
-------------------
|5 5 7|5 7 7|3 3 3|
|5 6 7|4 1 1|4 1 3|
|4 6 6|4 2 6|2 2 2|
-------------------
solution #370
-------------------
|5 5 3|5 7 3|1 1 3|
|5 6 7|4 7 7|4 1 3|
|4 6 6|4 2 6|2 2 2|
-------------------
solution #371
-------------------
|5 5 1|5 7 3|3 3 3|
|5 6 1|4 7 1|4 7 7|
|4 6 6|4 2 6|2 2 2|
-------------------
solution #372
-------------------
|5 5 7|5 4 4|4 4 1|
|5 7 7|6 7 1|6 6 1|
|3 3 3|6 2 3|2 2 2|
-------------------
solution #373
-------------------
|5 5 1|5 4 4|4 4 7|
|5 1 1|6 7 7|6 6 7|
|3 3 3|6 2 3|2 2 2|
-------------------
solution #374
-------------------
|5 5 3|5 4 4|4 4 7|
|5 1 3|6 7 7|6 6 7|
|1 1 3|6 2 3|2 2 2|
-------------------
solution #375
-------------------
|5 5 7|5 4 4|4 4 3|
|5 7 7|6 7 1|3 3 3|
|6 6 1|6 2 1|2 2 2|
-------------------
solution #376
-------------------
|5 5 1|5 4 4|4 4 3|
|5 6 1|7 7 1|3 3 3|
|7 6 6|7 2 6|2 2 2|
-------------------
solution #377
-------------------
|5 5 3|5 4 4|1 6 6|
|5 7 3|4 4 6|1 1 6|
|7 7 3|7 2 3|2 2 2|
-------------------
solution #378
-------------------
|5 5 4|5 4 4|1 4 3|
|5 6 3|7 7 3|1 1 3|
|7 6 6|7 2 6|2 2 2|
-------------------
solution #379
-------------------
|5 5 4|5 4 4|7 4 3|
|5 6 3|1 7 3|7 7 3|
|1 6 6|1 2 6|2 2 2|
-------------------
solution #380
-------------------
|5 5 3|5 6 3|6 6 3|
|5 4 4|7 7 1|6 7 3|
|4 4 1|7 2 1|2 2 2|
-------------------
solution #381
-------------------
|5 5 3|5 7 3|7 7 3|
|5 4 4|6 7 1|6 6 3|
|4 4 1|6 2 1|2 2 2|
-------------------
solution #382
-------------------
|5 5 4|5 6 3|6 6 1|
|5 4 4|7 7 3|6 1 1|
|7 4 3|7 2 3|2 2 2|
-------------------
solution #383
-------------------
|5 5 1|5 1 1|3 3 3|
|5 7 7|6 4 4|4 4 3|
|6 6 7|6 2 7|2 2 2|
-------------------
solution #384
-------------------
|5 5 3|5 1 3|1 1 3|
|5 7 7|6 4 4|4 4 3|
|6 6 7|6 2 7|2 2 2|
-------------------
solution #385
-------------------
|5 5 7|5 7 7|3 3 3|
|5 6 7|1 4 4|4 4 3|
|1 6 6|1 2 6|2 2 2|
-------------------
solution #386
-------------------
|5 5 3|5 6 3|6 6 3|
|5 7 3|4 4 1|6 4 4|
|7 7 1|7 2 1|2 2 2|
-------------------
solution #387
-------------------
|5 5 3|5 6 1|6 6 1|
|5 7 3|4 4 1|6 4 4|
|7 7 3|7 2 3|2 2 2|
-------------------
solution #388
-------------------
|5 5 4|5 1 4|3 3 3|
|5 7 7|6 1 4|3 1 4|
|6 6 7|6 2 7|2 2 2|
-------------------
solution #389
-------------------
|5 5 6|5 4 6|7 7 1|
|5 6 6|7 4 4|7 1 1|
|3 3 3|3 2 4|2 2 2|
-------------------
solution #390
-------------------
|5 5 4|5 6 7|6 6 7|
|5 1 4|1 1 4|6 7 7|
|3 3 3|3 2 4|2 2 2|
-------------------
solution #391
-------------------
|5 5 3|5 6 3|6 6 4|
|5 1 3|7 7 4|6 7 4|
|1 1 3|7 2 4|2 2 2|
-------------------
solution #392
-------------------
|5 5 3|5 6 3|6 6 4|
|5 7 3|1 1 4|6 1 4|
|7 7 3|7 2 4|2 2 2|
-------------------
solution #393
-------------------
|5 5 3|5 1 3|6 1 4|
|5 7 3|6 6 4|6 1 4|
|7 7 3|7 2 4|2 2 2|
-------------------
solution #394
-------------------
|5 5 1|5 7 7|6 7 4|
|5 1 1|6 6 4|6 7 4|
|3 3 3|3 2 4|2 2 2|
-------------------
solution #395
-------------------
|5 5 3|5 6 3|1 6 4|
|5 7 3|6 6 4|1 1 4|
|7 7 3|7 2 4|2 2 2|
-------------------
solution #396
-------------------
|5 5 3|5 7 3|7 7 4|
|5 1 3|6 7 4|6 6 4|
|1 1 3|6 2 4|2 2 2|
-------------------
solution #397
-------------------
|5 5 1|5 6 6|7 7 4|
|5 1 1|7 6 4|7 6 4|
|3 3 3|3 2 4|2 2 2|
-------------------
solution #398
-------------------
|5 5 6|5 1 6|7 7 4|
|5 6 6|7 1 4|7 1 4|
|3 3 3|3 2 4|2 2 2|
-------------------
solution #399
-------------------
|5 5 6|5 7 6|1 1 4|
|5 6 6|7 7 4|7 1 4|
|3 3 3|3 2 4|2 2 2|
-------------------
solution #400
-------------------
|5 5 6|5 7 6|7 7 4|
|5 6 6|1 7 4|1 1 4|
|3 3 3|3 2 4|2 2 2|
-------------------
solution #401
-------------------
|5 5 3|5 6 3|6 6 3|
|5 1 3|7 7 4|6 7 4|
|1 1 4|7 2 4|2 2 2|
-------------------
solution #402
-------------------
|5 5 3|5 6 3|6 6 3|
|5 7 3|1 1 4|6 1 4|
|7 7 4|7 2 4|2 2 2|
-------------------
solution #403
-------------------
|5 5 3|5 1 3|6 1 3|
|5 7 3|6 6 4|6 1 4|
|7 7 4|7 2 4|2 2 2|
-------------------
solution #404
-------------------
|5 5 3|5 6 3|1 6 3|
|5 7 3|6 6 4|1 1 4|
|7 7 4|7 2 4|2 2 2|
-------------------
solution #405
-------------------
|5 5 3|5 7 3|7 7 3|
|5 1 3|6 7 4|6 6 4|
|1 1 4|6 2 4|2 2 2|
-------------------
solution #406
-------------------
|1 1 6|5 1 6|2 3 3|
|5 6 6|5 5 7|2 2 3|
|4 7 7|4 4 7|2 4 3|
-------------------
solution #407
-------------------
|1 1 7|5 7 7|2 6 6|
|5 1 7|5 5 6|2 2 6|
|4 3 3|4 4 3|2 4 3|
-------------------
solution #408
-------------------
|4 4 3|5 4 4|2 6 6|
|5 7 3|5 5 6|2 2 6|
|7 7 3|7 1 3|2 1 1|
-------------------
solution #409
-------------------
|1 1 7|5 7 7|2 6 6|
|5 1 7|5 5 6|2 2 6|
|3 3 3|4 4 3|2 4 4|
-------------------
solution #410
-------------------
|1 1 6|5 1 6|4 3 3|
|5 6 6|5 5 7|4 4 3|
|2 7 7|2 2 7|2 4 3|
-------------------
solution #411
-------------------
|1 1 7|5 7 7|4 6 6|
|5 1 7|5 5 6|4 4 6|
|2 3 3|2 2 3|2 4 3|
-------------------
solution #412
-------------------
|4 4 3|5 6 3|6 6 3|
|5 4 4|5 5 7|6 1 3|
|2 7 7|2 2 7|2 1 1|
-------------------
solution #413
-------------------
|1 1 6|5 1 6|3 3 3|
|5 6 6|5 5 7|4 4 3|
|2 7 7|2 2 7|2 4 4|
-------------------
solution #414
-------------------
|2 2 2|5 2 6|3 6 6|
|5 4 4|5 5 7|3 6 7|
|4 4 1|3 1 1|3 7 7|
-------------------
solution #415
-------------------
|2 2 2|5 2 3|3 3 3|
|5 4 4|5 5 1|7 7 6|
|4 4 1|7 6 1|7 6 6|
-------------------
solution #416
-------------------
|2 2 2|5 2 1|4 4 1|
|5 7 6|5 5 1|3 4 4|
|7 7 6|7 6 6|3 3 3|
-------------------
solution #417
-------------------
|2 2 2|5 2 4|3 3 3|
|5 1 4|5 5 4|6 7 3|
|1 1 4|6 6 7|6 7 7|
-------------------
solution #418
-------------------
|2 2 2|5 2 4|3 3 3|
|5 1 4|5 5 4|3 6 7|
|1 1 4|6 7 7|6 6 7|
-------------------
solution #419
-------------------
|2 2 2|5 2 4|3 3 3|
|5 7 4|5 5 4|3 6 6|
|7 7 4|7 1 6|1 1 6|
-------------------
solution #420
-------------------
|2 2 2|5 2 6|3 6 6|
|5 1 1|5 5 7|3 6 7|
|4 4 1|3 4 4|3 7 7|
-------------------
solution #421
-------------------
|2 2 2|5 2 1|3 4 1|
|5 7 6|5 5 1|3 4 4|
|7 7 6|7 6 6|3 3 4|
-------------------
solution #422
-------------------
|2 2 2|5 2 4|3 3 3|
|5 7 7|5 5 4|3 6 4|
|1 1 7|6 1 7|6 6 4|
-------------------
solution #423
-------------------
|2 2 2|5 2 4|3 1 1|
|5 7 6|5 5 4|3 1 4|
|7 7 6|7 6 6|3 3 4|
-------------------
solution #424
-------------------
|2 2 2|5 2 4|3 3 3|
|5 7 6|5 5 4|3 1 4|
|7 7 6|7 6 6|1 1 4|
-------------------
solution #425
-------------------
|2 2 2|5 4 4|4 4 1|
|5 2 3|5 5 1|6 7 1|
|3 3 3|6 6 7|6 7 7|
-------------------
solution #426
-------------------
|2 2 2|5 4 4|4 4 1|
|5 2 7|5 5 6|3 1 1|
|3 7 7|3 7 6|3 6 6|
-------------------
solution #427
-------------------
|2 2 2|5 6 4|6 6 4|
|5 2 4|5 5 4|6 1 7|
|3 3 3|3 7 7|1 1 7|
-------------------
solution #428
-------------------
|2 2 2|5 1 4|1 1 4|
|5 2 4|5 5 4|7 7 6|
|3 3 3|7 6 3|7 6 6|
-------------------
solution #429
-------------------
|2 2 2|5 1 4|1 1 4|
|5 2 4|5 5 4|7 6 6|
|3 3 3|3 7 6|7 7 6|
-------------------
solution #430
-------------------
|2 2 2|5 1 1|4 4 1|
|5 2 7|5 5 6|3 4 4|
|3 7 7|3 7 6|3 6 6|
-------------------
solution #431
-------------------
|2 2 2|5 6 7|6 6 7|
|5 2 1|5 5 1|6 7 7|
|4 4 1|3 4 4|3 3 3|
-------------------
solution #432
-------------------
|2 2 2|5 6 7|6 6 7|
|5 2 1|5 5 1|6 7 7|
|3 4 1|3 4 4|3 3 4|
-------------------
solution #433
-------------------
|2 2 2|5 6 7|6 6 7|
|5 2 4|5 5 4|6 7 7|
|3 1 1|3 1 4|3 3 4|
-------------------
solution #434
-------------------
|2 2 2|5 6 7|6 6 7|
|5 2 4|5 5 4|6 7 7|
|3 3 3|3 1 4|1 1 4|
-------------------
solution #435
-------------------
|2 2 2|5 6 6|1 1 6|
|5 2 4|5 5 4|7 1 6|
|3 3 3|3 7 4|7 7 4|
-------------------
solution #436
-------------------
|4 4 1|5 2 1|2 2 2|
|5 4 4|5 5 1|7 7 6|
|3 3 3|7 6 3|7 6 6|
-------------------
solution #437
-------------------
|4 4 1|5 2 1|2 2 2|
|5 4 4|5 5 1|7 6 6|
|3 3 3|3 7 6|7 7 6|
-------------------
solution #438
-------------------
|3 3 3|5 2 3|2 2 2|
|5 4 4|5 5 1|7 7 6|
|4 4 1|7 6 1|7 6 6|
-------------------
solution #439
-------------------
|1 1 4|5 2 4|2 2 2|
|5 1 3|5 5 4|6 7 4|
|3 3 3|6 6 7|6 7 7|
-------------------
solution #440
-------------------
|4 4 1|5 4 4|2 2 2|
|5 1 1|5 5 7|6 2 7|
|3 3 3|6 6 3|6 7 7|
-------------------
solution #441
-------------------
|4 4 3|5 4 4|2 2 2|
|5 1 3|5 5 7|6 2 7|
|1 1 3|6 6 3|6 7 7|
-------------------
solution #442
-------------------
|4 4 1|5 4 4|2 2 2|
|5 1 1|5 5 7|3 2 6|
|3 7 7|3 6 7|3 6 6|
-------------------
solution #443
-------------------
|4 4 1|5 1 1|2 2 2|
|5 4 4|5 5 7|6 2 7|
|3 3 3|6 6 3|6 7 7|
-------------------
solution #444
-------------------
|4 4 1|5 1 1|2 2 2|
|5 4 4|5 5 7|3 2 6|
|3 7 7|3 6 7|3 6 6|
-------------------
solution #445
-------------------
|1 1 4|5 1 4|2 2 2|
|5 7 6|5 5 4|3 2 4|
|7 7 6|7 6 6|3 3 3|
-------------------
solution #446
-------------------
|4 4 2|5 2 2|1 1 2|
|5 4 4|5 5 7|6 1 7|
|3 3 3|6 6 3|6 7 7|
-------------------
solution #447
-------------------
|4 4 2|5 2 2|1 1 2|
|5 4 4|5 5 7|3 1 6|
|3 7 7|3 6 7|3 6 6|
-------------------
solution #448
-------------------
|1 1 2|5 2 2|4 4 2|
|5 1 7|5 5 6|3 4 4|
|3 7 7|3 7 6|3 6 6|
-------------------
solution #449
-------------------
|4 4 2|5 6 2|6 6 2|
|5 4 4|5 5 2|6 1 7|
|3 3 3|3 7 7|1 1 7|
-------------------
solution #450
-------------------
|4 4 2|5 1 2|1 1 2|
|5 4 4|5 5 2|7 7 6|
|3 3 3|7 6 3|7 6 6|
-------------------
solution #451
-------------------
|4 4 2|5 1 2|1 1 2|
|5 4 4|5 5 2|7 6 6|
|3 3 3|3 7 6|7 7 6|
-------------------
solution #452
-------------------
|1 1 2|5 1 2|4 4 2|
|5 7 6|5 5 2|3 4 4|
|7 7 6|7 6 6|3 3 3|
-------------------
solution #453
-------------------
|1 1 2|5 1 2|3 4 2|
|5 7 6|5 5 2|3 4 4|
|7 7 6|7 6 6|3 3 4|
-------------------
solution #454
-------------------
|4 4 1|5 4 4|3 3 3|
|5 2 1|5 5 1|6 7 3|
|2 2 2|6 6 7|6 7 7|
-------------------
solution #455
-------------------
|4 4 1|5 4 4|3 3 3|
|5 2 1|5 5 1|3 6 7|
|2 2 2|6 7 7|6 6 7|
-------------------
solution #456
-------------------
|3 3 3|5 4 4|4 4 1|
|5 2 3|5 5 1|6 7 1|
|2 2 2|6 6 7|6 7 7|
-------------------
solution #457
-------------------
|1 1 4|5 1 3|3 3 3|
|5 2 4|5 5 4|7 7 6|
|2 2 2|7 6 4|7 6 6|
-------------------
solution #458
-------------------
|4 4 1|5 4 4|3 6 6|
|5 1 1|5 5 6|3 7 6|
|2 2 2|3 2 7|3 7 7|
-------------------
solution #459
-------------------
|4 4 1|5 4 4|3 3 3|
|5 1 1|5 5 6|7 7 3|
|2 2 2|7 2 6|7 6 6|
-------------------
solution #460
-------------------
|4 4 1|5 1 1|3 6 6|
|5 4 4|5 5 6|3 7 6|
|2 2 2|3 2 7|3 7 7|
-------------------
solution #461
-------------------
|4 4 1|5 1 1|3 3 3|
|5 4 4|5 5 6|7 7 3|
|2 2 2|7 2 6|7 6 6|
-------------------
solution #462
-------------------
|4 4 3|5 1 3|1 1 3|
|5 4 4|5 5 6|7 7 3|
|2 2 2|7 2 6|7 6 6|
-------------------
solution #463
-------------------
|1 1 4|5 6 7|6 6 7|
|5 1 4|5 5 4|6 7 7|
|2 2 2|3 2 4|3 3 3|
-------------------
solution #464
-------------------
|4 4 2|5 4 4|3 6 6|
|5 2 2|5 5 6|3 7 6|
|1 1 2|3 1 7|3 7 7|
-------------------
solution #465
-------------------
|4 4 2|5 4 4|3 3 3|
|5 2 2|5 5 6|7 7 3|
|1 1 2|7 1 6|7 6 6|
-------------------
solution #466
-------------------
|1 1 2|5 1 6|3 6 6|
|5 2 2|5 5 7|3 6 7|
|4 4 2|3 4 4|3 7 7|
-------------------
solution #467
-------------------
|4 4 2|5 4 4|3 3 3|
|5 1 2|5 5 2|6 7 3|
|1 1 2|6 6 7|6 7 7|
-------------------
solution #468
-------------------
|4 4 2|5 4 4|3 3 3|
|5 1 2|5 5 2|3 6 7|
|1 1 2|6 7 7|6 6 7|
-------------------
solution #469
-------------------
|4 4 2|5 4 4|3 3 3|
|5 7 2|5 5 2|3 6 6|
|7 7 2|7 1 6|1 1 6|
-------------------
solution #470
-------------------
|1 1 2|5 6 7|6 6 7|
|5 1 2|5 5 2|6 7 7|
|4 4 2|3 4 4|3 3 3|
-------------------
solution #471
-------------------
|1 1 2|5 6 7|6 6 7|
|5 1 2|5 5 2|6 7 7|
|3 4 2|3 4 4|3 3 4|
-------------------
solution #472
-------------------
|4 4 3|5 6 3|6 6 3|
|5 4 4|5 5 7|6 2 3|
|1 7 7|1 1 7|2 2 2|
-------------------
solution #473
-------------------
|1 1 4|5 1 4|3 3 3|
|5 7 6|5 5 4|3 2 4|
|7 7 6|7 6 6|2 2 2|
-------------------
solution #474
-------------------
|4 4 3|5 4 4|1 6 6|
|5 7 3|5 5 6|1 1 6|
|7 7 3|7 2 3|2 2 2|
-------------------
solution #475
-------------------
|1 1 4|5 6 7|6 6 7|
|5 1 4|5 5 4|6 7 7|
|3 3 3|3 2 4|2 2 2|
-------------------
solution #476
-------------------
|1 1 6|5 1 6|3 3 2|
|5 6 6|5 5 7|3 2 2|
|4 7 7|4 4 7|3 4 2|
-------------------
solution #477
-------------------
|3 3 3|5 6 3|6 6 2|
|5 7 1|5 5 1|6 2 2|
|7 7 1|7 4 4|4 4 2|
-------------------
solution #478
-------------------
|1 1 7|5 7 7|4 6 6|
|5 1 7|5 5 6|4 4 6|
|3 3 2|3 2 2|3 4 2|
-------------------
solution #479
-------------------
|3 3 3|5 6 1|6 6 1|
|5 7 3|5 5 1|6 4 4|
|7 7 2|7 2 2|4 4 2|
-------------------
