2000 1
5 2 16 12 21 3 14 23 1 8 16 16 5 25 22 10 18 3 22 24 3 20 10 20 24 4 6 7 10 18 12 16 12 1 4 23 6 1 18 1 13 15 23 2 15 1 18 13 9 11 1 12 16 16 12 17 10 2 13 8 19 1 9 23 6 15 21 17 13 7 16 22 6 7 19 3 23 17 19 9 8 3 9 6 16 5 20 22 21 20 5 20 16 3 4 22 19 7 17 19 19 7 21 1 4 8 5 23 3 15 8 8 2 22 4 13 20 13 3 5 6 21 13 17 25 4 17 25 24 14 20 11 22 2 23 12 20 23 2 19 6 4 20 1 21 10 11 22 21 20 12 7 11 17 11 17 8 1 2 10 21 22 14 9 22 12 23 3 10 21 14 3 13 2 19 17 13 22 5 20 17 6 11 1 25 20 7 3 5 5 13 15 8 3 13 18 20 2 18 11 13 19 12 13 8 21 16 25 19 25 16 14 13 19 21 18 6 14 25 19 3 8 4 16 10 20 11 25 11 16 1 20 23 23 19 3 7 13 24 4 12 1 25 16 1 19 22 14 2 5 2 2 21 25 3 3 22 1 19 6 8 11 22 16 7 17 5 6 24 10 22 8 2 3 5 24 8 9 12 10 8 16 24 24 10 13 24 16 4 23 22 6 13 20 9 21 13 13 1 8 16 4 21 17 20 12 14 10 15 2 5 16 6 9 8 11 25 21 16 6 20 7 18 16 16 1 6 9 22 11 7 14 13 13 13 22 6 14 11 18 2 20 1 21 8 12 24 8 7 14 4 7 12 23 6 4 7 9 25 2 22 23 19 1 10 21 2 16 5 20 10 19 18 11 16 7 20 13 9 17 18 13 10 14 21 25 23 15 20 21 13 25 21 24 4 2 15 3 16 22 12 20 12 2 8 25 25 14 22 7 17 24 7 11 10 16 17 21 22 25 25 22 14 22 1 19 15 25 1 4 22 18 15 20 2 15 5 2 17 15 18 12 19 10 23 6 20 3 25 14 17 18 18 23 16 25 12 3 3 3 25 4 4 12 16 25 3 19 13 13 2 17 5 1 17 21 10 4 17 21 18 8 10 12 1 16 23 5 1 17 2 10 16 24 7 6 5 4 20 4 25 14 8 20 20 5 20 11 14 14 19 3 9 14 6 18 15 11 15 9 2 1 1 23 10 6 7 13 2 20 14 2 22 1 4 23 23 17 17 16 12 17 22 6 19 23 2 5 4 17 24 25 22 13 13 17 10 12 25 8 15 9 23 20 4 21 9 24 17 18 24 16 20 16 8 2 23 7 24 19 5 25 23 7 22 19 4 8 2 16 17 25 5 4 25 24 21 17 17 19 18 14 24 24 23 25 4 7 17 5 4 1 25 15 11 13 6 11 11 4 16 3 6 2 24 17 3 22 3 9 12 10 19 9 21 13 14 4 8 13 12 1 22 5 4 15 8 8 22 19 22 9 10 12 12 22 15 24 15 20 20 2 19 15 25 9 15 4 23 18 14 24 22 5 21 8 13 10 1 18 10 14 6 4 16 16 14 15 14 20 20 22 23 16 11 7 12 13 7 7 8 25 21 19 11 11 25 8 23 8 2 3 25 17 24 14 15 9 6 3 19 18 8 23 9 21 11 3 17 2 22 17 2 21 3 15 13 5 22 16 23 16 22 16 11 2 10 19 9 7 7 12 12 19 14 9 2 6 7 22 16 7 19 14 16 7 14 14 19 13 20 25 6 8 15 6 11 9 13 13 12 5 24 17 13 24 11 12 4 20 9 6 20 6 20 8 5 2 2 9 1 13 4 12 13 6 10 5 5 2 15 14 16 5 20 11 15 18 25 21 13 6 20 11 6 20 10 22 4 19 24 19 22 4 16 5 21 1 19 15 3 24 24 18 3 3 14 15 24 11 23 19 10 24 11 10 14 3 8 3 25 19 24 5 25 13 17 10 5 24 21 18 6 15 19 20 5 19 1 13 4 7 6 11 14 24 9 5 15 1 16 16 12 25 6 5 12 9 25 8 9 6 25 18 16 12 6 10 4 8 4 20 24 24 17 23 12 12 10 16 17 2 2 12 13 12 12 19 16 25 9 25 11 12 10 25 17 13 5 25 7 3 17 11 2 13 12 16 18 1 12 12 1 13 3 11 14 19 5 12 19 22 14 13 8 15 13 2 4 22 13 12 10 17 8 17 9 23 21 14 3 21 5 4 17 24 19 2 20 10 22 7 12 15 17 16 15 20 1 25 25 11 13 10 10 9 20 1 18 8 2 13 24 9 4 2 6 3 18 25 5 14 16 12 24 7 7 15 16 12 16 25 16 21 13 18 11 9 4 10 22 3 8 10 21 7 3 7 3 3 11 7 24 7 17 17 9 14 24 25 18 13 9 11 18 13 23 5 9 5 11 11 15 12 13 11 7 24 8 17 14 6 13 16 13 4 1 11 3 24 6 18 20 25 20 20 6 19 4 22 6 22 14 21 17 7 17 18 17 4 18 22 11 2 4 6 1 12 5 1 9 11 18 17 20 17 22 6 16 7 8 9 19 14 24 12 2 3 11 13 11 1 8 12 9 23 20 14 25 12 17 23 20 24 13 25 24 21 14 21 17 24 12 3 2 15 21 7 14 18 15 4 17 21 23 19 21 9 5 1 6 1 16 25 13 1 16 19 12 8 12 11 17 6 15 21 25 17 4 8 1 5 7 6 3 25 16 18 21 22 7 11 25 6 1 23 12 4 13 14 22 18 3 9 6 25 4 6 22 6 23 5 15 6 1 14 11 20 25 21 25 18 21 18 23 5 21 17 14 9 10 21 3 11 12 18 13 21 21 20 20 9 4 9 2 18 2 23 2 10 2 9 17 10 19 6 20 17 15 5 25 4 11 22 18 3 10 19 19 24 19 9 3 7 24 1 10 14 25 9 4 14 11 25 19 2 2 21 23 1 20 18 20 4 8 15 5 3 24 19 20 21 3 23 5 13 11 10 16 21 5 11 13 18 21 21 2 7 7 15 15 13 7 24 18 12 24 5 11 25 20 22 25 23 22 14 18 14 2 20 9 5 10 12 11 23 18 25 24 24 11 4 15 11 16 2 7 15 3 11 19 24 1 8 23 22 20 4 18 14 4 1 9 8 6 15 10 2 9 20 20 24 21 14 22 10 16 7 21 5 8 13 7 18 3 16 21 16 15 12 2 22 7 14 10 14 21 15 20 17 5 25 20 9 1 21 18 11 9 25 11 18 10 2 8 16 24 19 17 14 16 4 21 5 16 17 1 18 1 5 12 7 3 24 25 10 20 17 4 22 5 10 25 3 10 6 24 2 17 11 16 24 16 13 12 11 21 13 12 3 16 16 1 4 1 14 16 9 12 23 17 19 20 6 7 12 12 3 15 1 21 18 17 11 15 12 24 17 17 19 20 22 24 21 11 17 1 16 16 18 24 9 4 20 21 13 17 14 6 6 2 11 22 20 4 13 14 4 13 21 20 7 17 14 1 14 19 16 10 18 2 2 9 11 22 12 4 12 18 17 8 17 13 18 17 10 5 13 11 3 11 6 6 9 13 6 20 24 8 9 16 3 4 6 10 11 2 23 24 12 22 22 17 4 12 8 2 10 21 8 24 7 22 18 18 19 6 9 15 14 23 7 2 14 22 18 9 18 1 7 23 15 21 8 6 23 17 17 10 2 1 25 10 12 18 13 5 16 11 12 11 10 19 20 19 13 10 18 6 9 6 19 3 14 22 25 23 19 21 3 24 21 25 20 22 8 3 14 11 8 20 1 15 1 12 12 17 12 19 22 6 19 1 19 8 23 11 9 14 14 20 7 16 22 5 14 25 17 9 23 16 18 13 20 15 6 19 2 11 16 4 23 8 9 25 13 20 2 1 15 4 14 9 16 15 18 21 16 13 10 8 20 16 21 5 24 5 5 25 6 9 6 8 14 9 19 15 4 13 13 5 12 8 11 18 22 11 2 7 24 23 24 3 13 19 15 5 15 2 1 2 25 7 20 5 4 8 21 24 17 23 5 19 17 24 8 19 10 16 12 4 1 10 24 18 4 17 5 8 9 18 1 11 17 20 20 5 25 17 18 21 10 22 10 4 24 14 18 19 14 11 21 11 16 2 16 11 6 23 10 25 6 25 16 12 21 23 17 8 16 10 17 8 2 19 7 13 17 1 14 6 16 5 20 1 20 5 1 13 23 6 14 1 6 4 19 6 18 21 1 20 5 25 1 22 2 22 18 16 2 20 12 16 4 8 25 14 15 11 10 2 8 12 15 19 6 15 4 1 24 18 22 16 5 12 6 19 17 20 20 8 5 22 5 4 13 6 20 9 6 19 16 15 20 24 7 4 12 10 7 23 12 13 23 24 3 23 8 1 17 17 1 20 2 3 10 5 5 23 2 20 4 6 7 5 22 21 23 14 20 7 8 1 20 14 3 15 8 1 2 8 16 1 16 22 2 9 2 20 14 9 16 4 5 18 10 12 24 12 24
10000
219
164
242
212
155
152
193
211
219
217
182
201
222
205
168
223
150
168
202
234
211
211
222
191
203
185
248
226
188
243
222
181
230
233
165
167
225
174
179
243
233
210
229
167
165
167
190
245
161
236
172
177
178
234
177
153
232
199
191
175
164
220
204
214
230
210
229
150
182
196
150
159
198
172
205
168
173
157
152
192
231
164
160
209
216
200
237
162
244
205
193
199
247
181
217
202
170
201
190
162
156
225
245
193
214
165
229
155
158
210
156
190
186
226
204
170
214
232
234
177
228
167
177
239
230
214
192
173
186
226
171
224
161
241
162
244
167
196
159
150
218
240
158
246
231
151
164
169
222
176
151
183
151
163
206
200
209
203
173
246
178
180
250
176
212
192
232
191
160
202
179
192
191
234
157
172
194
214
249
238
152
183
207
243
150
207
226
214
200
200
150
205
213
238
162
219
199
237
247
200
163
172
219
223
154
233
235
191
208
195
156
193
244
243
170
166
204
205
210
244
217
199
180
167
230
224
203
249
243
233
238
150
183
163
176
199
214
240
182
210
171
230
160
179
166
157
178
155
179
234
229
240
155
226
188
155
204
168
188
190
187
246
157
235
192
157
181
153
151
222
206
237
170
226
176
184
228
153
208
160
165
237
184
196
166
201
248
219
237
190
218
223
173
238
201
207
159
186
183
170
158
175
223
205
172
237
236
172
213
194
173
234
235
192
191
181
243
172
157
247
208
234
153
171
174
188
184
209
197
168
231
154
242
193
201
206
150
183
194
210
233
174
227
154
248
196
213
211
184
162
211
228
185
192
161
205
158
169
177
203
160
213
229
209
210
151
157
198
247
210
157
161
169
156
197
249
229
231
213
184
212
240
183
202
221
243
200
194
249
164
206
160
200
234
152
249
215
247
206
169
196
245
234
166
229
170
173
153
241
200
241
247
233
171
158
174
165
230
171
175
161
213
188
193
150
211
248
244
201
211
233
234
212
194
151
170
185
192
220
170
160
197
240
223
235
197
227
234
156
243
151
156
164
194
246
249
239
164
247
167
233
164
223
212
237
160
235
187
159
201
176
197
177
221
201
155
170
219
205
239
211
223
227
183
250
193
214
199
250
214
150
192
153
216
223
204
248
243
189
234
215
156
179
187
152
198
187
153
198
160
221
215
200
178
194
187
234
242
194
209
164
237
170
173
228
199
219
213
233
243
177
179
218
242
192
220
235
215
239
249
175
197
233
233
202
236
161
239
228
233
173
197
196
180
230
226
170
215
161
250
228
219
180
217
231
156
181
213
168
181
241
232
197
246
175
232
181
228
169
208
237
160
157
200
157
194
239
221
157
158
163
204
237
177
180
162
172
171
179
227
174
212
177
187
154
177
204
160
158
161
242
243
247
200
247
174
242
189
217
248
172
155
195
224
220
159
165
174
247
167
245
231
227
162
155
180
178
225
158
248
223
159
200
189
207
201
156
226
245
162
191
181
209
185
150
192
196
238
181
208
192
238
240
197
209
245
235
182
152
184
174
182
218
169
165
189
207
200
248
215
156
184
186
231
172
193
191
225
245
226
232
173
153
234
204
176
204
173
171
205
237
154
151
181
221
207
151
170
195
246
164
155
182
167
242
203
197
229
239
250
155
189
211
206
195
243
217
194
227
168
179
158
186
203
222
201
232
164
170
153
162
209
234
181
228
222
209
241
224
205
172
216
242
221
210
197
164
238
219
230
162
151
193
210
200
181
240
154
215
218
161
169
151
247
234
221
181
225
228
168
198
154
152
188
195
168
188
215
188
165
168
187
167
192
219
150
206
246
190
169
157
242
229
207
153
158
175
228
221
158
222
163
157
235
230
211
198
224
168
243
169
176
169
245
164
178
207
163
190
242
180
159
239
176
247
198
210
184
165
169
212
193
224
217
209
224
168
227
224
179
150
151
164
209
212
166
243
176
244
153
207
185
206
181
203
225
226
203
199
151
218
218
150
185
235
230
169
210
222
203
224
153
150
208
160
211
166
182
186
152
226
214
210
186
170
240
241
199
231
195
221
209
200
207
202
247
177
170
168
206
217
216
187
228
203
226
160
170
198
214
160
210
201
250
195
163
218
157
209
235
210
207
188
157
224
171
183
173
162
222
247
160
160
173
161
218
205
233
186
250
168
218
170
171
157
202
202
171
197
194
194
216
242
179
158
237
207
169
175
214
195
234
241
207
204
196
229
175
246
238
168
155
212
162
164
230
224
195
205
201
224
220
176
236
222
220
249
192
170
164
189
211
193
166
185
178
237
192
176
233
176
189
206
196
237
245
168
171
182
172
166
226
228
156
200
223
249
153
173
155
247
165
154
154
168
154
191
180
244
222
186
237
153
242
175
150
161
247
161
230
176
197
163
236
211
247
238
161
173
167
165
202
234
239
224
200
179
173
191
219
205
174
241
243
234
204
232
249
169
157
198
233
184
154
170
215
210
194
242
242
192
151
160
192
221
193
244
155
200
179
171
221
207
153
223
239
244
235
174
179
206
190
217
235
243
155
154
235
201
191
166
151
219
151
167
165
160
164
194
247
226
243
175
162
234
196
231
249
174
180
150
153
221
174
180
244
232
197
247
221
206
170
221
205
165
191
226
186
212
168
170
181
193
152
225
169
173
208
190
209
177
224
160
219
211
237
244
235
198
195
220
191
238
166
179
200
207
184
203
180
151
237
229
163
152
157
207
159
170
153
206
236
241
170
162
228
180
172
152
183
150
243
166
200
202
175
171
236
250
203
155
158
159
226
231
219
218
161
207
194
216
181
164
194
244
248
250
181
197
214
203
183
156
237
247
250
227
218
240
219
207
172
185
192
222
235
220
227
246
185
196
150
166
203
165
205
244
243
168
203
153
150
176
249
221
215
163
231
216
165
166
237
213
202
229
167
177
210
236
235
165
202
193
217
202
232
227
231
218
168
201
170
181
249
208
242
244
235
215
214
216
190
217
205
191
244
199
194
213
158
231
199
151
218
187
214
237
206
190
174
153
243
180
167
233
150
215
180
165
241
198
171
247
197
225
174
208
227
227
241
206
176
229
248
191
172
227
231
169
233
233
162
245
163
203
169
239
200
179
188
180
209
208
227
192
186
250
234
189
194
155
155
152
184
205
167
162
197
193
167
173
212
166
179
159
239
248
214
182
206
220
174
236
207
236
194
230
226
193
199
161
185
237
237
243
202
212
244
248
195
229
244
194
172
151
236
247
188
243
250
245
208
170
195
192
189
216
226
168
195
245
224
178
211
214
221
243
249
213
161
244
197
225
203
165
198
227
192
201
237
238
236
180
213
156
179
201
214
223
161
218
156
180
196
200
225
212
226
214
204
221
234
168
221
191
159
178
198
166
244
207
187
168
186
195
181
170
198
225
157
152
213
219
166
166
187
179
232
221
166
168
241
159
213
236
201
167
173
226
242
155
194
207
153
235
191
202
245
237
236
236
247
187
241
244
211
179
250
209
229
188
171
176
172
194
226
240
164
215
248
223
194
219
189
170
199
227
167
194
189
233
158
175
175
217
232
156
186
232
224
190
235
222
191
178
248
195
200
239
167
189
196
192
217
197
222
214
189
152
172
153
160
188
225
165
233
184
195
159
221
173
238
214
198
206
219
225
170
217
201
196
230
230
243
211
217
208
247
200
228
168
178
169
239
246
202
151
168
242
219
211
208
208
192
214
241
156
206
189
184
195
207
181
242
156
244
203
208
178
159
214
151
163
213
246
197
187
192
222
206
207
199
184
225
221
190
208
191
201
224
244
234
213
237
182
167
164
172
246
180
228
220
206
244
194
207
195
249
241
203
247
152
191
205
222
245
183
164
177
241
177
230
174
182
168
187
190
188
177
172
248
202
232
205
236
193
191
175
169
232
204
195
224
198
220
199
202
168
172
243
165
155
151
188
199
200
177
159
229
156
227
167
229
243
217
190
240
214
217
159
199
165
192
238
215
250
173
171
215
224
218
171
213
243
173
199
190
179
157
248
228
175
166
164
250
193
164
155
216
198
155
158
171
181
185
154
239
237
157
167
194
190
213
250
175
160
229
178
209
204
184
150
158
196
150
191
150
241
191
164
249
236
213
171
230
182
170
159
204
191
189
240
226
184
160
243
162
242
167
202
232
212
249
210
221
163
188
189
202
220
235
247
229
244
240
226
176
155
214
153
194
155
153
153
165
152
174
249
167
249
216
248
200
201
195
182
192
194
216
222
236
213
176
193
185
211
188
248
172
150
184
197
248
198
246
173
180
194
228
249
176
210
159
162
233
222
228
222
159
153
194
162
227
167
173
178
209
160
225
167
230
241
202
245
219
199
158
249
246
159
185
154
151
237
152
218
212
233
242
210
163
154
185
179
231
170
196
240
211
248
188
192
201
236
242
178
222
168
224
164
241
243
153
181
243
203
218
185
206
181
245
217
210
182
207
235
205
242
226
155
231
176
219
227
200
217
180
212
206
222
234
158
218
178
203
208
230
226
239
249
158
181
188
241
243
222
168
197
245
182
