7 16
5996132 38237693 80089486 59532579 9349930 99647100 99353086 
7 1
88921383 17343104 85028849 21408998 24847713 32386116 88921 
7 18
20328181 7213616 85046013 4998213 54479080 6750071 24788584 
7 0
48897166 85688074 95797292 20139440 33521634 46854991 30988045 
7 6
92495519 83495272 23405545 63672304 83024989 34484284 53265787 
7 16
31443389 89437183 16763515 96713027 28893120 75363618 9068441 
7 15
43558009 51810971 98096782 92657825 63888567 22789936 11952562 
7 3
20037127 90131933 96617328 37887009 36991283 86208687 27104152 
7 2
95851280 69499976 39574398 59346396 32542029 89828753 63826408 
7 16
3028287 24600127 22055999 34249464 11385607 4526445 11898181 
7 6
97694590 25848886 18318354 24887666 15783742 57167612 99261519 
7 9
65848720 78641812 15073113 16697001 95605917 7063953 42334151 
7 5
59759193 26594845 99450628 41221118 21992736 78009645 31171290 
7 14
23671236 62874890 60903640 18544485 13710401 17747424 66685391 
7 5
1338228 41952058 89787480 75037230 86220665 15135421 19934621 
7 15
48296344 53792198 84324266 59498266 45934316 76305872 6124468 
7 11
57151333 18638944 13190369 12999119 76833975 29115088 83686679 
7 11
11621089 67305125 42517374 46613835 76357158 29001467 4748491 
7 8
20427518 20890084 56296616 6100253 8503739 98192937 3235483 
7 12
96948818 46484099 26574165 73561689 68514397 54817321 13392952 
7 5
22176063 32007286 4245295 51500760 35228290 37150082 53154764 
7 11
86778032 22944667 49614566 70035547 42584763 31737111 5865011 
7 11
48355977 67951584 66624841 42891710 87231202 32644581 50518304 
7 9
43124374 95626334 71892293 58339901 54265520 57909376 81187185 
7 15
92643285 14628654 63934997 6649657 1407821 35416719 72010904 
7 7
34936557 12167157 83836656 86383538 42156372 25214873 53771873 
7 13
66403608 18220551 3405760 7408920 53624070 6080617 61687799 
7 5
27961112 12654159 87341526 46397824 59756552 58392448 11619123 
7 14
40718831 20370779 42087179 57401989 35071620 34687351 43919741 
7 19
17956117 28840284 64909278 21825647 51429139 11189744 72048206 
7 1
10731827 50353509 1037955 41225399 7226480 29952504 76746220 
7 9
73195992 61185148 63278991 35368738 62083526 21535664 90821262 
7 19
86556094 94821417 40461711 51938013 36802387 60292684 19837182 
7 18
46652567 46254859 21221132 69372567 45694982 48786628 7571509 
7 3
31638751 44331647 1654909 52648643 345048 17537419 35609361 
7 6
15932137 8644863 37998624 45116542 4972581 15285212 64797779 
7 3
36311816 5200475 26717266 14382861 19462496 10335749 63247325 
7 16
9067701 97299816 16539521 62735828 71172253 16338971 40951047 
7 8
59100667 5938864 47033174 76850657 9489462 56668979 18443542 
7 8
57820849 49194387 13439948 92401679 77625149 31702358 18260629 
7 13
72870914 80658941 77526263 45910246 43060139 7631845 12378673 
7 17
22429037 73355744 35751452 31602384 30976189 50956481 35481505 
7 16
37975265 65804806 91573572 8810017 54350700 30138434 18611991 
7 6
28425907 46436691 12994221 40008220 52261318 99437338 31139065 
7 13
79533111 91451120 93356767 9311191 79250686 12375618 97359522 
7 10
35921541 63108959 13217006 52290334 36114892 89090679 81016659 
7 1
22770181 32300057 39652464 32314855 86987028 39197723 62623768 
7 2
60083936 89583152 47771383 99027438 23487509 3529871 78070804 
7 0
36462558 31846420 7445282 92086025 98085624 55506383 75968728 
7 19
24507605 80321722 43940627 53303733 64627599 58798878 74846660 
7 0
86960004 69587089 12079433 61829168 46394185 16764989 41790944 
7 2
36168258 30132550 16208892 56702010 77106270 14120570 6104953 
7 17
89465365 86907678 46024498 45886521 49200197 36279150 54807591 
7 19
80470737 22631906 88007733 5920638 8496838 2512229 57941597 
7 13
99565304 92395760 57840117 1732906 27968130 37627107 63785663 
7 18
8880107 88380394 14875569 18868108 61385579 20161826 18159980 
7 18
56288959 80919765 57831093 97550185 34410143 34357248 67030804 
7 7
50048051 96373313 53374019 81647066 72862008 15557533 60012509 
7 16
1975815 88246578 26596681 26797569 75942937 57123708 71139257 
7 11
59175101 56951102 97329463 89626118 61504101 49259167 35784784 
7 10
81390991 9471708 65298923 19741377 89238445 91845642 1941479 
7 18
37625300 96317327 92112918 90685073 15214275 31950822 27929026 
7 3
11272896 85002136 30459387 59885988 10154763 16382917 91459024 
7 1
54466851 80912869 34908599 75864427 95621918 89275737 31895263 
7 3
9411703 44887333 30830524 22922652 71211617 86326563 77556125 
7 0
3180361 63100863 63864557 94063334 75865768 43350637 90178304 
7 8
99887283 49538317 31116118 43351982 33088118 78011988 92229912 
7 17
3603288 28784011 10732123 62349803 1885909 90479413 57164660 
7 4
68277019 781367 35625732 66109991 79742348 92825686 73367412 
7 16
59210394 48745131 66011921 99267904 85450543 85298092 62140938 
7 9
57115529 71386185 9905379 53540699 47461734 65908879 6527813 
7 15
39092058 83201402 18386552 91395851 35749441 38412305 58912879 
7 3
19822979 14615034 6322414 31978106 23589301 28390859 25173001 
7 6
33569366 59618848 28583054 14932141 10282510 27850654 39392865 
7 5
11468822 38843615 78772085 90675153 44978124 97363659 86038111 
7 11
18066845 75949509 94905133 66405500 50019395 23148765 59731826 
7 10
96660001 95700918 27560870 65335893 3998080 29999058 4674229 
7 11
58758228 93017532 58636331 7196566 69785420 55347389 64523194 
7 2
84427497 47018036 67921222 46558441 16648957 55918455 16614377 
7 9
63195427 73506104 35672724 79719645 7745654 25166536 25953648 
7 9
27239313 5513624 13774192 47285247 67479916 31370642 22658845 
7 3
19616533 63659516 87026050 98551188 24506613 23040380 98871755 
7 15
79463070 85570790 58805774 14562842 430227 6543358 45530487 
7 0
97632988 4400343 80594312 42301018 5285837 98494487 76419039 
7 0
82525724 33272017 41623233 79872820 21391255 14733557 50854828 
7 16
32700748 47033426 92993576 76312238 99834853 37510775 60963519 
7 7
64197539 69720688 25412445 38788385 42124631 140730 2347197 
7 9
75860823 85430554 20641726 93904692 16444523 43664754 6787383 
7 8
52839872 61961071 68320612 8258386 1724314 91959230 18036417 
7 19
16315489 85375876 79228892 78295814 66150778 68760168 7316912 
7 4
9255115 41667487 27160509 25027732 3460380 54108503 34196350 
7 17
28709824 89675040 4040554 47370287 13540884 29441829 8956615 
7 2
62001830 48470992 52149620 18618341 41725216 97411812 47861935 
7 10
94535919 91569188 26731285 29695795 78885172 23540316 2964675 
7 11
14630172 76165046 98653088 77748711 82605066 85701988 96062514 
7 18
29466187 50553475 92703049 64577133 53214330 17911869 83028859 
7 0
12034728 90167834 92984013 71467388 27200553 18351639 47210574 
7 5
46434089 19643471 91215950 64523114 16615754 6272478 3235887 
7 14
99068136 43221460 46279713 40317732 96360295 33205071 99668123 
7 19
69092563 31124337 73091871 63593281 51374717 39116704 82008458 
