100 200
1 2
2 3
4 3
5 4
5 6
6 7
8 7
8 9
9 10
11 10
12 11
12 13
14 13
15 14
16 15
17 16
18 17
18 19
19 20
20 21
21 22
23 22
23 24
25 24
26 25
26 27
28 27
29 28
30 29
30 31
32 31
32 33
34 33
35 34
35 36
36 37
37 38
39 38
40 39
40 41
41 42
43 42
43 44
44 45
45 46
47 46
48 47
49 48
49 50
50 51
51 52
52 53
54 53
54 55
55 56
57 56
57 58
59 58
59 60
60 61
62 61
62 63
63 64
64 65
65 66
67 66
68 67
68 69
69 70
70 71
71 72
72 73
73 74
75 74
76 75
77 76
77 78
79 78
80 79
80 81
82 81
83 82
84 83
85 84
86 85
87 86
88 87
88 89
90 89
90 91
91 92
93 92
94 93
94 95
96 95
96 97
97 98
98 99
100 99
54 77
59 17
79 22
60 47
65 39
93 66
57 28
22 36
66 28
70 79
68 11
98 65
52 35
2 26
93 84
95 16
30 19
20 86
84 22
17 31
15 46
24 53
14 45
91 23
85 8
13 20
35 55
21 72
81 64
70 36
69 26
79 6
13 69
88 42
9 5
78 13
67 89
20 42
32 71
52 72
2 73
77 88
37 41
58 40
20 70
56 23
27 15
85 90
15 35
13 53
37 22
53 89
40 88
91 57
33 7
8 34
56 81
34 8
88 8
79 10
9 59
7 29
20 72
1 79
70 9
32 29
82 67
35 30
61 16
68 58
77 70
75 12
55 29
40 90
58 31
69 25
32 94
90 2
12 2
22 11
81 8
52 64
17 24
67 41
59 25
19 20
82 99
5 80
62 12
68 93
64 74
94 93
7 43
74 39
83 70
57 62
41 53
68 41
38 21
58 21
48 36
